-1.064522449432389521e+03
-1.049861153992925892e+03
-1.305306767052223904e+03
-1.197349268816600443e+03
-9.922970470119327047e+02
-1.424287503978608356e+03
-9.921527115355606838e+02
-1.599204173307806286e+03
-1.024493719492902983e+03
-1.042708112778800341e+03
-1.752946665392485102e+03
-1.139532958006154558e+03
-1.024569270722255169e+03
-1.291905911952102542e+03
-8.980079085619024681e+02
-8.695550786583700074e+02
-1.326733099412951560e+03
-1.082469570810166488e+03
-1.051347681323251209e+03
-1.244426105571435301e+03
-1.063589484643057631e+03
-1.336901622362974877e+03
-1.170380680017907935e+03
-1.250111631568852772e+03
-1.263845835935206196e+03
-1.159509975365463561e+03
-1.172530202912065306e+03
-1.203693732590053060e+03
-1.264633327422800221e+03
-1.336782781330658281e+03
-1.220306959744810911e+03
-1.200974051551700768e+03
-1.307525256197202225e+03
-1.216439583064368435e+03
-1.225374349924656372e+03
-1.295130633228548277e+03
-1.412664674427579257e+03
-1.188172377059469227e+03
-1.266301701331080722e+03
-1.233203747398293444e+03
-1.192654014547696534e+03
-1.237934519147810761e+03
-1.253961790941658819e+03
-1.770436536305874142e+03
-1.615817798966247210e+03
-1.272027919205981107e+03
-1.271551836351115298e+03
-1.269525972773237299e+03
-1.176763642830998606e+03
-1.296143397324030047e+03
-1.206793117877452232e+03
-1.419725636449531294e+03
-1.347922196321549336e+03
-1.210642813562114497e+03
-1.185240627663077703e+03
-1.284252859439647864e+03
-1.314779735354707555e+03
-1.324647357830192504e+03
-1.506753126125403469e+03
-1.289970800154939297e+03
-1.206283688539603190e+03
-1.274794911791212826e+03
-1.362946170859912627e+03
-1.169424022914212856e+03
-1.354335355021598843e+03
-1.303295599698471051e+03
-1.367337513065544272e+03
-1.383229433512848118e+03
-1.181136361097243253e+03
-1.319585452612210929e+03
-1.325763901328290103e+03
-1.295129167446574684e+03
-1.435499214906903717e+03
-1.343982061203616695e+03
-1.200912135472295404e+03
-1.253301668369758318e+03
-1.297960219063500290e+03
-1.365480750993595166e+03
-1.278220702582177182e+03
-1.302747372317659256e+03
-1.297039334176797411e+03
-1.303734740751262507e+03
-1.366828143802365275e+03
-1.338468709054452347e+03
-1.257841383264958267e+03
-1.311176913693387178e+03
-1.288241763840261910e+03
-1.290749349340700292e+03
-1.272456144345622988e+03
-1.302091220895777951e+03
-1.356296106282271694e+03
-1.277654360238945856e+03
-1.214765887941979372e+03
-1.282380550578234988e+03
-1.484669671666921658e+03
-1.338250078747470070e+03
-1.607778776176006886e+03
-1.349965579381275575e+03
-1.262501153107401933e+03
-1.357311440966620466e+03
-1.316621270706832320e+03
-1.283978277575791935e+03
-1.251259512641116544e+03
-1.330856159688946491e+03
-1.299390608055161010e+03
-1.311120555307722952e+03
-1.259703134722657978e+03
-1.318835132740185372e+03
-1.309428353785792979e+03
-1.290385742341087735e+03
-1.319097090981732890e+03
-1.327034823668391709e+03
-1.310784449357652647e+03
-1.334838578630354050e+03
-1.289250228374168273e+03
-1.179091547445600554e+03
-1.219194289813638306e+03
-1.194287945647130755e+03
-1.266502408325771285e+03
-1.209491982785170194e+03
-1.187202008057014382e+03
-1.141473926603198606e+03
-1.346638371406552551e+03
-1.593280539979454034e+03
-1.234336039154088894e+03
-1.197744006479690597e+03
-1.108277615124572776e+03
-1.113738803084945403e+03
-1.211609210249530179e+03
-1.252605927125432117e+03
-1.210921517924742830e+03
-1.228782016178579170e+03
-1.192453277052062276e+03
-1.144201635280198161e+03
-1.150020132584961175e+03
-1.190436117594183543e+03
-1.353078847103562566e+03
-1.208143560515501576e+03
-1.264152571464943094e+03
-1.239529750706585446e+03
-1.269957499157782877e+03
-1.212615097678332404e+03
-1.206242781508428607e+03
-1.194626112017804871e+03
-1.197481367449270920e+03
-1.197353324201763598e+03
-1.169692681450433838e+03
-1.229080641284208696e+03
-1.410249882334377844e+03
-1.208905870826411274e+03
-1.146419712632720348e+03
-1.783189956782737909e+03
-1.135133912672822134e+03
-1.162611454341655190e+03
-1.112467455544516270e+03
-1.238023758497292420e+03
-1.005431010321465465e+03
-1.080478320813928576e+03
-1.237568125024306255e+03
-1.194643376641804934e+03
-1.134780061850305628e+03
-1.342987739251241464e+03
-1.275183966800669396e+03
-1.207939301242217425e+03
-1.247580240819928576e+03
-1.160867614243649996e+03
-1.090938785559791313e+03
-1.551732337909066018e+03
-1.187501908193964027e+03
-1.212984609513682017e+03
-1.173361809867176817e+03
-1.167345525653093318e+03
-1.284884102010039896e+03
-1.203512879259882084e+03
-1.110684943527737232e+03
-1.220737712732627642e+03
-1.037370747868600802e+03
-1.148178702403371062e+03
-1.213140586882604794e+03
-1.247903569261438406e+03
-1.206510884981342315e+03
-1.340602398567783666e+03
-1.113622999524985971e+03
-1.159390312033654936e+03
-1.324699704860741804e+03
-1.271061473168845396e+03
-1.246948868951617897e+03
-1.336292258911766112e+03
-1.276868030404810725e+03
-1.266117604717303948e+03
-1.211867271042404582e+03
-1.303754444280336429e+03
-1.150841483395073055e+03
-1.262023628661646171e+03
-1.148628232971946773e+03
-1.147016466072910816e+03
-1.059871151526272570e+03
-1.151499553800983449e+03
-1.167414019407178557e+03
-1.180183863820388751e+03
-1.033656113838271722e+03
-1.138945084956698338e+03
-1.269849646675940448e+03
-1.383260135366995200e+03
-1.342952686090460929e+03
-1.055314444667851149e+03
-1.179417711158468592e+03
-1.056271003279831575e+03
-1.185685360399771753e+03
-1.198215240740818217e+03
-1.168757662854604860e+03
-1.158957543630747296e+03
-1.225134001188414004e+03
-1.181791998898559541e+03
-1.135523076016778532e+03
-1.202309279124572640e+03
-1.179663442328178917e+03
-1.172910178788849180e+03
-1.596469916687986142e+03
-1.206997809874684435e+03
-1.177243478135256282e+03
-1.191627393309620174e+03
-1.056418423678911267e+03
-1.206536213568305129e+03
-1.210827266899042797e+03
-1.249441343451549074e+03
-1.156060037227836801e+03
-1.158293143254716142e+03
-1.021193933651310886e+03
-9.197842550572109985e+02
-1.113074914937851872e+03
-1.050749746127198705e+03
-1.166457823619745113e+03
-1.111945059958276488e+03
-1.260833813769601193e+03
-1.128238004811142673e+03
-1.015822209285540453e+03
-1.221570800385403345e+03
-1.060256136724118505e+03
-1.155378328337412995e+03
-1.052360048863627981e+03
-1.198904192612636507e+03
-1.200654472394174718e+03
-8.373856588903445299e+02
-1.183207292834841383e+03
-9.635464947289980273e+02
-1.166129599925836146e+03
-1.225923015414341762e+03
-1.252199279846674699e+03
-1.505358858805037016e+03
-1.142680207824411809e+03
-1.163514230175936746e+03
-1.046578342530043301e+03
-1.111227058094154245e+03
-1.186520686400489922e+03
-1.170400073520450178e+03
-1.182085142244714007e+03
-1.104343395880052412e+03
-1.118083169890342560e+03
-1.047601255771028036e+03
-1.093231021309948119e+03
-1.069221017550989018e+03
-1.470376642074428901e+03
-1.130821496949168250e+03
-1.105208774811195099e+03
-1.039259264889976293e+03
-1.075206766296298611e+03
-1.161562993128109611e+03
-1.076506861940705903e+03
-1.159409900819136737e+03
-8.918043036453300374e+02
-1.181532427169249559e+03
-1.002112637037831064e+03
-1.168014384940797527e+03
-1.043172532986977103e+03
-1.208065977330513761e+03
-9.965022661307633598e+02
-1.043521252227837067e+03
-9.601362754275752422e+02
-1.087784644333335336e+03
-1.044488302491399281e+03
-1.048658417789627720e+03
-1.019443438652730833e+03
-1.004869914918081236e+03
-8.654067462153689121e+02
-1.202259198110907391e+03
-1.046210680908945506e+03
-1.041044806703051563e+03
-1.234296411627660063e+03
-1.069728329729085544e+03
-8.985966016848375375e+02
-1.228204216052181891e+03
-1.275214055147848057e+03
-1.226499592127834376e+03
-1.188860417884914568e+03
-1.035971101636280309e+03
-1.146263682073524251e+03
-1.408288853575038729e+03
-1.195238717279942193e+03
-1.188281476212597227e+03
-1.223785389792054502e+03
-1.391978449574165097e+03
-1.355796556355091298e+03
-1.291293821240920352e+03
-1.221114996201371241e+03
-1.336291926686405077e+03
-1.181074859800324930e+03
-1.199038066246516109e+03
-1.149317351877627289e+03
-1.051225934985875028e+03
-1.189238058318658886e+03
-1.200896976670196636e+03
-1.042603843651624629e+03
-1.298285568774474768e+03
-1.089927503292866277e+03
-1.076856557274490115e+03
-1.194471627318017681e+03
-1.113539502758361323e+03
-1.286453379792322039e+03
-1.251766689736323087e+03
-1.252883958477563965e+03
-7.698449130343890374e+02
-1.105304139992481851e+03
-8.219757003560547446e+02
-1.127803869905468673e+03
-1.261373050815506986e+03
-1.113294893364961808e+03
-1.246715215145706225e+03
-1.136472136854132714e+03
-1.103321624791041359e+03
-1.018483750039146344e+03
-9.986576207104133118e+02
-1.176296453593989781e+03
-1.209933854293926743e+03
-1.211181241979299784e+03
-1.058478205862012601e+03
-1.007565599868173194e+03
-1.036949919897594782e+03
-1.031280214956338114e+03
-1.081387590267595670e+03
-1.011661738443031709e+03
-1.063656348365055237e+03
-1.130913866535606076e+03
-7.949115588317698666e+02
-1.052124641380571347e+03
-1.050482123878900211e+03
-1.264654231274147378e+03
-1.152725170450420592e+03
-1.009807573878278959e+03
-1.184794308744014188e+03
-1.133276402093439401e+03
-1.108227237409363170e+03
-1.092918869921447595e+03
-1.099724493292588249e+03
-1.242100568245091381e+03
-1.126356459479253317e+03
-1.164574393954937250e+03
-1.110009306298764386e+03
-1.203768558565252761e+03
-1.021961384614694339e+03
-1.259788032778294109e+03
-1.238282101521784625e+03
-1.187821754518236730e+03
-1.226027023234687476e+03
-1.335833340540261133e+03
-1.296233669331079000e+03
-1.106213999299659918e+03
-1.123141571321177707e+03
-1.071522408328393340e+03
-1.216797799842203631e+03
-1.152917577096146488e+03
-1.143709988082197469e+03
-1.054463482236892332e+03
-1.036554904828226199e+03
-1.008607516687090310e+03
-1.070195023495504302e+03
-1.025735758612970130e+03
-1.135093700641513351e+03
-1.210316721305124702e+03
-9.967525928704568514e+02
-1.052684909478759209e+03
-9.752874944298515629e+02
-1.039384188050937610e+03
-1.021033171652771671e+03
-1.047758804156165752e+03
-8.977810025723820218e+02
-9.737883291561744272e+02
-8.742410860877897676e+02
-1.194357971626508515e+03
-9.816671588829880193e+02
-1.209171724509314799e+03
-1.025003808411418959e+03
-1.281935057223189915e+03
-1.147360980810137562e+03
-1.026030171722235536e+03
-1.060001949848680169e+03
-8.538068296392923457e+02
-1.034573299076204648e+03
-9.921205962474797388e+02
-1.022873094925940222e+03
-1.009257842869231581e+03
-7.845957911864909420e+02
-1.001043126729675919e+03
-1.208552126592050399e+03
-1.082898477009548969e+03
-9.744892549853602759e+02
-9.141991248819410885e+02
-1.060992240301943411e+03
-1.001854739015569749e+03
-9.042494344336969334e+02
-9.740785941755726753e+02
-9.910782417401483144e+02
-1.135884189249907649e+03
-8.798518728815134864e+02
-9.827889203401761051e+02
-1.282918130780573847e+03
-1.129987494898232626e+03
-1.048407213443210367e+03
-1.190992912054096223e+03
-1.308878119472581602e+03
-1.208249601084312417e+03
-1.214560218874488100e+03
-1.271853348137076182e+03
-1.156541551637874818e+03
-1.106719741290515003e+03
-1.238094536028587754e+03
-1.221503453780317614e+03
-1.181027425636091039e+03
-1.218830442266813861e+03
-1.128072009877694427e+03
-1.057430658509200157e+03
-1.223697025348477837e+03
-1.160586070984397566e+03
-1.170903616496701488e+03
-7.823837546580117532e+02
-9.999932345724486140e+02
-7.920428245063782242e+02
-1.093009833386693572e+03
-1.041290697962765535e+03
-8.984253575209546625e+02
-9.400939268927916146e+02
-7.606683912394461231e+02
-1.027905076386834253e+03
-9.655900661473635864e+02
-7.614519414871457457e+02
-8.652025907233016824e+02
-7.523570313666850780e+02
-1.132028222642870332e+03
-9.982389753729454469e+02
-8.783831028243546371e+02
-7.700485028561288345e+02
-8.094689486046538605e+02
-1.167720920728398369e+03
-9.899133451355210127e+02
-7.718774663472847806e+02
-9.865511483240310326e+02
-1.048236645192731658e+03
-7.650705013149832894e+02
-6.352392081093469187e+02
-1.086179783221477010e+03
-9.595835444859746985e+02
-8.655761333528771502e+02
-7.506197751241626293e+02
-7.945780310121135699e+02
-9.252175232007491559e+02
-9.772457984492824608e+02
-7.494501456803939163e+02
-7.519552177972528852e+02
-9.684937296663132429e+02
-1.117067976676271201e+03
-1.067055364981455341e+03
-1.161936327458663300e+03
-1.161577404302124933e+03
-1.047842403895416282e+03
-7.638548143979967335e+02
-1.016887839097878782e+03
-1.171420409378406021e+03
-1.148574055987324755e+03
-1.146668582603463165e+03
-1.170882781086482964e+03
-1.019206174442711585e+03
-9.883076285539146966e+02
-7.633739549167501082e+02
-6.125957184119542944e+02
-7.748548565663737691e+02
-9.010429135147501256e+02
-9.173794099178262513e+02
-1.089032977057523340e+03
-1.030328454778343485e+03
-9.938024048498433558e+02
-8.951320167136409509e+02
-9.180155039267193615e+02
-8.973909839918267153e+02
-9.776003752448923478e+02
-9.061729225120429874e+02
-1.160026236846425491e+03
-8.961773305305661097e+02
-1.173621599563467953e+03
-1.060356722809728581e+03
-9.718527278866566803e+02
-8.947012694820656407e+02
-1.123292020076138670e+03
-8.683957193626587241e+02
-7.806478694920182306e+02
-1.031001084520195036e+03
-1.004976708276519503e+03
-1.000144410114547782e+03
-1.058961652226176057e+03
-1.044383272945956833e+03
-1.144750679958279534e+03
-9.950548016746203075e+02
-7.718538671308144785e+02
-6.536982448200678846e+02
-8.767028373805812862e+02
-1.022375289233487365e+03
-7.408766357672237746e+02
-8.656040850114386558e+02
-1.111090300012805301e+03
-1.099813280494407763e+03
-6.382496213599503108e+02
-6.542675293247300488e+02
-8.743900517244294406e+02
-6.336440431950588845e+02
-8.790332911879518178e+02
-1.053997273367800972e+03
-9.395003291353544910e+02
-1.060397653697986470e+03
-1.034691666694804326e+03
-1.177355669109333803e+03
-1.194575617365691187e+03
-1.168069769695408013e+03
-1.058398925353001914e+03
-1.022320148725137415e+03
-1.034953172493003422e+03
-1.007523099571270450e+03
-1.040944405985032517e+03
-1.026371005361446123e+03
-9.924033115302377155e+02
-1.196103123179744443e+03
-1.012818364573698773e+03
-1.055025690141124869e+03
-9.238536210576669419e+02
-7.496752230076355090e+02
-6.542785432890815400e+02
-9.727109435952049807e+02
-8.953846099847015694e+02
-7.961584656640221738e+02
-8.774115368816453611e+02
-9.944122663991752233e+02
-1.030234793311583871e+03
-1.023601260576871141e+03
-1.079309342708958184e+03
-8.937519798399955562e+02
-7.365868094885026949e+02
-8.843182725850506358e+02
-7.463931230357444520e+02
-9.614353369564230434e+02
-8.066810256386188485e+02
-8.131258335784222027e+02
-7.584897311451006772e+02
-6.194739145549774548e+02
-8.847525675093713744e+02
-6.931777311175250134e+02
-1.000561065641798109e+03
-9.839104515445922061e+02
-1.053615616429102829e+03
-1.054236718033785110e+03
-8.704094996028887863e+02
-1.117143940266302479e+03
-1.022210203713413421e+03
-8.007836863720340261e+02
-1.129707210993460421e+03
-9.191903678525601435e+02
-7.030885259002474186e+02
-7.633547937132324250e+02
-9.850215827888202966e+02
-6.285611340067486026e+02
-7.638127465005705972e+02
-6.280886897120993808e+02
-8.638403261820285479e+02
-8.073222402998882217e+02
-1.029649787031012693e+03
-9.108397763949710679e+02
-1.017493452683590021e+03
-8.398219466780882385e+02
-1.023197350745285235e+03
-8.263793176525427953e+02
-8.982605529354541432e+02
-1.033157760001119641e+03
-9.978267159402362267e+02
-8.611119834842133969e+02
-1.055424997709923218e+03
-1.165412432845497733e+03
-8.610012917616217010e+02
-7.534349042013511735e+02
-7.615805912882253779e+02
-6.047348026602908249e+02
-6.966739882460047966e+02
-9.067314336702702349e+02
-6.433772546222298843e+02
-6.499805963992240549e+02
-8.836279954231515603e+02
-5.119681430211406337e+02
-4.890217751181542098e+02
-1.134685859173820518e+03
-6.158878700476916492e+02
-9.236867055295756472e+02
-1.081329152560033435e+03
-5.133541566842677639e+02
-1.051483947504387970e+03
-1.058256470462787092e+03
-1.060814268246777829e+03
-7.804446071879924602e+02
-1.071043692185317923e+03
-1.130533223405833724e+03
-1.045486947974374971e+03
-8.962788161696529414e+02
-1.041570035642765333e+03
-8.907096297442225250e+02
-9.155627067850018648e+02
-1.095788567821923380e+03
-1.110861722267320147e+03
-7.462238232649319798e+02
-8.737144919159783285e+02
-7.583821574805000409e+02
-9.130960888800042312e+02
-6.374656148004520446e+02
-7.772140959305887691e+02
-5.110676026846467153e+02
-5.080886605596244863e+02
-5.133120778525782271e+02
-5.069674947156597113e+02
-6.348375777416683832e+02
-7.197999413931922845e+02
-1.029894314076886985e+03
-1.092716297823804553e+03
-7.841504418934846399e+02
-9.900787645123850780e+02
-7.704000190163731077e+02
-8.059969807039183252e+02
-9.692428818288393586e+02
-1.056961667393956532e+03
-9.169932600798405247e+02
-9.691207226590559003e+02
-7.527633627739576241e+02
-5.129616425059093672e+02
-7.528288034397683077e+02
-6.316979383336137062e+02
-5.124286154635746016e+02
-7.494347409392379404e+02
-6.325370142054788403e+02
-9.090315712459773749e+02
-5.257927428725648724e+02
-5.099155195844671198e+02
-3.934932623846457318e+02
-4.422719241610614063e+02
-6.301165550801561039e+02
-7.688568298684241427e+02
-8.889897150033149273e+02
-4.844992341992318075e+02
-3.741530020403288859e+02
-9.846808364238805780e+02
-6.359599066398616287e+02
-9.542412985785172168e+02
-1.206103718607003657e+03
-9.263904829447751581e+02
-1.058700530964002382e+03
-7.688776549607019888e+02
-6.523793272073235130e+02
-8.819951149552555307e+02
-1.032605609686434036e+03
-8.013445586193591907e+02
-7.822773824002913443e+02
-7.020078463824031587e+02
-4.563366650072330799e+02
-5.093167843933932204e+02
-5.234207623383333612e+02
-2.607919777392145306e+02
-5.606762719469804779e+02
-7.475249543033114605e+02
-6.300838191032588611e+02
-1.033248188387264463e+03
-6.257410322144944530e+02
-8.456256377459634450e+02
-5.098736851720786376e+02
-6.430248380552100116e+02
-7.293286748822272330e+02
-6.437508265114863661e+02
-6.419791872353749795e+02
-4.996427747785584756e+02
-3.844618877692251431e+02
-2.598256314749060607e+02
-8.905715308853183387e+02
-7.864652667733390672e+02
-5.088892322251075484e+02
-9.845941958223663732e+02
-8.995581977414005905e+02
-1.050173803575912416e+03
-9.422746129904269310e+02
-8.049274721619195816e+02
-2.578132483381695010e+02
-8.810886823498861986e+02
-6.672054082098834442e+02
-8.874810405061158463e+02
-8.799700424963796195e+02
-4.975979621164084392e+02
-3.879834484854723087e+02
-2.573297117585006504e+02
-7.737037718267205264e+02
-7.863477918165978053e+02
-4.793753349330318088e+02
-5.224509747367153523e+02
-5.133074848020637546e+02
-6.025456829254293325e+02
-6.051100803435925855e+02
-6.911237889781742751e+02
-3.861806176070645620e+02
-5.254536504229948832e+02
-6.476391727343236653e+02
-2.603186872995635213e+02
-7.360796343918794946e+02
-3.938725338566690084e+02
-3.865094314112657230e+02
-2.541310056773244810e+02
-6.833161480544313235e+02
-3.878971129407801186e+02
-5.058682028978931271e+02
-6.531709413591783004e+02
-7.241991506319255905e+02
-5.157936375029056535e+02
-1.283086839648020998e+02
-2.570105241650050516e+02
-3.875350091685883740e+02
-5.128786617771559122e+02
-5.025905472070610926e+02
-4.056316414057444035e+02
-3.714154927744584711e+02
-1.316743282458791668e+02
-1.313331244565690668e+02
-3.897280402291831933e+02
-2.607097085893162784e+02
-1.315645327575891770e+02
-6.419697923696517137e+02
-3.883217449245490798e+02
-5.182954724240544238e+02
-1.248238157975071232e+02
-3.853781807401202855e+02
-6.295356765180039247e+02
-7.442720286995597689e+02
-6.825665257561940962e+02
-2.635233143941251228e+02
-6.239232789691269545e+02
-3.778991747979568459e+02
-1.312192482221980185e+02
-1.254814111112766284e+02
-9.013839411049594901e+02
-1.339278819015851552e+00
-7.866733569131607737e+02
-3.850340105589478981e+02
-6.313564886736702420e+02
-6.107599502023024343e+02
-1.091935140472258581e+03
-1.060267109241642629e+03
-1.281883045056929404e+02
-3.747953787858740498e+02
-6.496528940720917262e+02
-8.758159735720932986e+02
-5.145788798510944844e+02
-8.889098797434531889e+02
-5.229123311464184098e+02
-1.324829109823691624e+02
-3.894936435316333245e+02
-1.229113319982960473e+00
-2.593313269009408373e+02
-6.723590478647162172e+02
-7.017020611573000224e+02
-2.590648935687995618e+02
-1.278888476220563746e+02
-5.419785151627972937e+02
-2.609351180478191736e+02
-1.012198036933798395e+00
-3.920614734670517123e+02
-3.759067327193472465e+02
-1.315058786588035673e+02
-2.610413067991246976e+02
-2.569116939863790208e+02
-1.311466358339572480e+02
-4.363277704949178997e+02
-1.312599540413571617e+02
-3.913700379731776025e+02
-2.595814473659505097e+02
-2.525889465517981591e+02
-3.808520875014899616e+02
-1.296401044134475171e+02
-2.591649680883596147e+02
-1.281175450145598518e+02
-1.307773720585469448e+02
-1.284339692266919144e+02
-1.465998589782621098e+00
-1.289842490253695075e+02
-1.309029185553640389e+02
-1.233496631406779613e+02
-2.460225623625819082e+02
-1.250560414948550969e+00
-9.495352913442520748e-01
-9.379509095683051783e+02
-2.538926106792919768e+02
-2.435169563467568992e+02
-8.828148346165121119e-01
-1.300125550801778331e+02
-7.956154757048129795e+02
-1.297255182310625514e+02
-7.974233581475320687e-01
-2.527979808005221969e+02
-2.507125362535435897e+02
-2.565068917019120249e+02
-2.537076845316576339e+02
-1.314902629040419697e+02
-2.639103057357696684e+02
-2.636089737646919957e+02
-3.767301601288131678e+02
-1.610941900835013874e+00
-1.315127975319398672e+02
-2.568255839626134502e+02
-2.617566806455309347e+02
-2.655776725476657134e+02
-3.785020925028605916e+02
-3.886914291460864774e+02
-4.589461400808934854e+02
-1.330048706811209058e+02
-1.330412445850863890e+02
-3.767486261377691221e+02
-1.279010706225759577e+02
-1.276789327432171035e+02
-1.270908645684286853e+02
-6.606386780667826315e+02
-4.983820572348043356e+02
-1.547017710995218343e+00
-2.314440733527564298e+00
-4.152316700800405442e+02
-4.074265773075170500e+02
-1.290072640217723006e+02
-4.041464939932572520e+02
-2.604211935132286158e+02
-2.611189254351944822e+00
-1.289278214249195287e+02
-3.958214563371001873e+02
-8.826017855635140963e-01
-2.593459903850433648e+02
-1.304517108560038139e+02
-9.214108439616962869e+02
-1.359618645886461650e+02
-1.288537793615312523e+02
-1.311533319608502950e+02
-9.110918231477725948e-01
-1.015508620818962315e+00
-1.252119347510745229e+02
-1.249557927182032273e+02
-2.558434108577592667e+02
-1.311171604691079438e+02
-4.411897030038466596e+02
-2.517009060493138293e+02
-7.636771874002473623e+02
-1.314311600839430412e+02
-1.331891286555633656e+02
-3.917861704241163352e+02
-1.266203281960919327e+02
-2.600844045232965414e+02
-1.277667303524942355e+02
-3.749555287402536123e+02
-1.320171683288533302e+02
-2.591429013686315557e+02
-1.316259289064081486e+02
-1.314466749118533642e+02
-1.295273869677683081e+02
-1.300516742256223210e+02
-2.548612018098608587e+02
-1.290299471083108642e+02
-3.830273433678180481e+02
-1.278092288465751807e+02
-8.606371703466943472e+02
-2.667976496871210088e+02
-1.305022095160367144e+02
-5.084879825274275618e+02
-2.550805163637943167e+02
-3.731208118416828370e+02
-1.289444474950759627e+02
-3.922056880165500274e+02
-5.252038274165537359e+02
-2.615136113529531485e+02
-2.549490389361924372e+02
-5.984634006683580765e+02
-2.574860503736902047e+02
-2.586959909724350268e+02
-2.536271285524144332e+02
-3.910147171852866563e+02
-2.630471782011962887e+02
-5.680934769135485567e+02
-5.489281450175269583e+02
-1.286295561624248478e+02
-4.174389200484426397e+02
-3.835922600307686707e+02
-1.289984113017386846e+02
-4.290663712635121669e+02
-1.307680015172386447e+02
-1.289052638346418860e+02
-4.413788603065245297e+02
-1.328408751159488475e+02
-4.712195296179168054e+02
-6.345265502468891983e-01
-1.301220213333864137e+02
-2.513977426567168152e+02
-1.270714770993071596e+02
-4.039305539284059705e+02
-3.785284245465284698e+02
-1.306792301377809622e+02
-1.298774014363864069e+02
-3.777400455248929916e+02
-8.504561630349735424e+02
-8.007318672157577311e-01
-2.514311100868896460e+02
-4.314185242166453804e+02
-2.629404569301847232e+02
-1.283378509891690271e+02
-1.298510654785329734e+02
-3.774602975725449028e+02
-1.304996859259120470e+02
-2.602708078071364639e+02
-1.270469419669638000e+02
-2.582579034335570896e+02
-1.339314051973399842e+02
-1.276209081931166764e+02
-3.777076917668731539e+02
-2.608617971956620067e+02
-2.350856031830959036e+00
-1.288369964528791343e+02
-3.983348165062584485e+02
-4.170993020099152204e+02
-8.774486422935916607e+02
-2.587830188823772914e+02
-2.339522225190394877e+00
-1.197022029965490447e+03
-1.267336016579158837e+02
-1.274732287524326750e+02
-1.253742359854363855e+02
-2.594610872665799661e+02
-2.582885975044733868e+02
-2.539708912447068201e+02
-2.579659282157591065e+02
-3.935473854612202445e+02
-3.849197045690374921e+02
-3.901393349086530407e+02
-2.853627882986997406e+02
-3.867445978031639129e+02
-1.294334409627768707e+02
-2.624068582761089488e+02
-2.936398073798084170e+02
-3.511183276276556171e+02
-1.283452110372903405e+02
-1.219734869590828996e+00
-2.526342946237192280e+02
-2.494255384801299442e+02
-2.757347100293001745e+02
-1.263030997870586702e+02
-1.023986670583666978e+03
-1.243641799458334560e+02
-1.303641356310147330e+02
-1.549585629236836626e+00
-1.270804918790478126e+02
-1.304628787193972812e+02
-7.381066320055897449e+02
-5.518909280302394791e+02
-1.193206840337054246e+03
-2.807723281259929422e+02
-1.036562542061956265e+03
-2.645819115550137894e+02
-2.561462939876111022e+02
-1.295349800223002603e+02
-2.605695232628188478e+02
-2.916393460313233277e+02
-4.792072959082883585e+02
-2.611389204406488602e+02
-3.807009664973084000e+02
-1.279857562579373820e+02
-1.287030159700401839e+02
-1.332278521282218833e+02
-9.219686702796626605e+02
-6.221946339364876621e+00
-1.011961891406566338e+03
-7.882948811863324181e+02
-5.239202488034233056e+02
-2.782655878331539157e+02
-4.450047444526573486e+02
-1.343175228955711304e+02
-1.256492828250843985e+02
-3.955672865265302676e+02
-3.907446345775993564e+02
-4.877090526627841314e+02
-4.092702190958363531e+02
-4.228717624242222541e+02
-4.036226140885301561e+02
-9.268669425729584646e+02
-1.272047496640193458e+02
-2.733679183744803343e+00
-2.683853896028638815e+02
-3.864012017212430123e+02
-2.761816947014727930e+02
-1.068093914098798450e+03
-1.047369745329919851e+03
-4.172759862220245282e+02
-1.019822904615820335e+03
-1.347617905242802863e+02
-3.951216514025556181e-01
-3.940659713728582574e+02
-2.638889781470831508e+02
-1.292296794218957245e+02
-1.270738571147766862e+02
-2.596037968639533347e+02
-2.688118814105960155e+02
-1.288607142240351209e+02
-2.618936463723365478e+02
-2.641439967714139243e+02
-4.564719576439428579e+02
-2.534012028187422629e+02
-1.652203232404167110e+00
-4.573036415338762026e+02
-1.302904769268431266e+02
-2.609099078220784804e+02
-2.625522474199738099e+02
-8.418635375735260551e-01
-2.606701209163056774e+02
-2.585672780513277189e+02
-1.322455529260221851e+02
-1.076981816209528688e+03
-2.717831568998674925e+02
-3.906971175998958756e+02
-2.661434660769349989e+02
-1.300824148129353262e+02
-3.673446747897297087e+02
-5.422863277974449829e+02
-1.326673737464570877e+02
-3.979634697639951355e+02
-1.076435649767210734e+01
-4.672417426993881122e+02
-2.569630794427852152e+02
-1.366132970044073431e+02
-1.432658048858263840e+02
-5.861419945026148071e+02
-4.015572864792094947e+02
-4.236590145655217157e+02
-7.116669396016509275e+00
-2.651637647578775159e+02
-3.919976695848083068e+02
-3.854536523184841599e+02
-4.467050867064477302e+02
-1.343250323521465646e+02
-2.634304377138030304e+02
-2.633449786331370319e+02
-1.348024124609455612e+02
-2.700337944669927310e+02
-2.579636964555090799e+02
-2.616577160586292052e+02
-4.166794010374372874e+02
-1.308471509704733080e+02
-1.067991463363498594e+00
-1.313535720763242978e+02
-1.296440420826309605e+02
-4.140374981453629175e+02
-1.642938003310195683e+00
-4.223666566761336298e+02
-8.798796110500594523e+02
-1.402108038502220211e+00
-1.315328415614880555e+02
-2.646336517325414661e+02
-1.277746538901846947e+02
-2.665206812192563461e+02
-4.946190750794243627e+02
-1.310131124354201972e+02
-1.302542141314360151e+02
-3.790093555688015954e+02
-1.285988301373661216e+02
-1.321313754167873071e+02
-1.304470507455411052e+02
-4.150075850096739032e+02
-1.278868687378300564e+02
-4.231590168671626202e+02
-1.312187516912056822e+02
-3.390463329729104771e+02
-2.956101571146352747e+00
-2.717337570338679029e+02
-1.305374174197928880e+02
-2.625583703349964253e+02
-1.329542731200920969e+02
-3.881414455923966216e+02
-2.966642000225567131e+02
-1.266682833731233728e+02
-1.278205191361335267e+02
-1.294481931488084001e+02
-4.066952512535324900e+02
-1.303440626526478923e+02
-1.282503902972154890e+02
-4.752199538596221373e+02
-9.200175055251655909e-01
-1.320084152755285061e+02
-3.788336839436271930e+02
-1.297149419274648778e+02
-2.531416930878917526e+02
-1.508795709535874385e+00
-7.937787292035596920e+02
-1.306375264542952834e+02
-2.608700120286339939e+02
-2.616162558398514761e+02
-1.308050009929133068e+02
-1.315732900606771238e+02
-1.326480444088906268e+02
-1.308650928792621926e+02
-5.870424200844803408e+02
-2.636921502915874953e+02
-5.178158878375177210e+02
-2.707099100203198532e+02
-4.023158138161807784e+00
-2.640376715195536121e+02
-2.531979633759150374e+02
-1.317526783479171684e+02
-1.321114708799470066e+02
-2.745745348994944948e+02
-1.289281522393291368e+02
-4.080613782504854612e+02
-2.632513189396972848e+02
-1.291129849049805500e+02
-1.283557284692520000e+02
-2.560741760697009113e+02
-2.606891307242655671e+02
-3.804434092762574551e+02
-2.552554699942842262e+02
-4.014289296319477671e+02
-1.312565605123913031e+02
-1.292677845553508575e+02
-1.287145891054165077e+02
-1.303328952834133645e+02
-1.300671661502547920e+02
-1.288346564818361628e+02
-3.900743372473025374e+02
-1.306714114867679370e+02
-5.085551521172238836e+02
-1.477738147704131533e-01
-7.869793979153975050e-01
-1.262223095099295875e+02
-2.510640947772970435e+02
-1.213635347009631937e+00
-1.282385179935949111e+02
-1.196280718732966486e+00
-4.220338914722686923e+02
-2.626080233392840455e+02
-1.307081729746456915e+02
-9.655085126737074086e-01
-3.682574192086994458e+02
-9.313448960033401391e-01
-2.584670976671515632e+02
-1.314080114557720265e+02
-2.667932082170658532e+02
-2.582785509226812337e+02
-2.613375475296282957e+02
-5.875501601740696742e+02
-2.734246279427967465e+02
-9.314162068876392642e-01
-4.208991212091460170e+02
-1.288016487174618021e+02
-4.080078106083760190e+02
-2.583108025823175353e+02
-3.927439601526401702e+02
-1.257684342956481487e+02
-2.704896686870565077e+02
-4.250646956304871082e+02
-2.644396400650883834e+02
-3.936119080221115496e+02
-1.292234974237808842e+02
-3.783763684001578440e+02
-2.549897260604476514e+02
-6.297925294666176796e+02
-4.246544236598382440e+02
-1.312705461320427389e+02
-1.320567886904127022e+02
-1.291708780476704419e+02
-2.672206618950772850e+02
-3.925709217503915056e+02
-2.717140050456316089e+02
-3.759140208037119351e+02
-1.351609653445680124e+02
-2.522894296607572073e+02
-1.316003222879149348e+02
-9.887784410536013411e+02
-1.121725328856168062e+03
-1.277378179157029621e+02
-8.175029079686279374e+02
-2.818345735643420653e+02
-1.296073097547181590e+02
-1.284356936834809346e+02
-1.284042584369151143e+02
-2.634594766087791413e+02
-1.476931643369632674e+00
-9.146353728344315259e-01
-2.501676328956548332e+02
-4.164841632626588535e+02
-1.310099669806513418e+02
-1.305797023802366255e+02
-2.720616130302459510e+02
-1.348399471021200497e+02
-1.276008442910361964e+02
-3.753362145878983256e+02
-1.284015290674383039e+02
-2.666317742122283221e+02
-1.289463163881725620e+02
-2.539386539688429991e+02
-2.339486244177135799e+00
-1.296532236530381681e+02
-1.324687005963667730e+02
-1.293784103699750290e+02
-2.596315134819056993e+02
-1.350958351843218566e+02
-2.659117878172218070e+02
-3.821608256089389783e+02
-1.305330052127624754e+02
-1.307386583345140991e+02
-3.869320368695115917e+02
-2.649412380639383287e+02
-2.511442470704039920e+02
-1.365794453819369778e+02
-2.635904905688638564e+02
-4.471621875382817279e+02
-2.662069251776935062e+02
-1.271080598214368536e+02
-4.412386869010894088e+02
-2.634133174623886475e+02
-2.795813268370008586e+02
-1.333802327650642212e+02
-1.331514050271737801e+02
-1.395505984215794513e+02
-7.839587887225692384e+02
-2.592962829010177757e+02
-3.796074828411159956e+02
-1.307767086710209696e+02
-1.287244626662726716e+02
-1.350265252768653568e+02
-3.596109359575488043e+02
-2.819646218659332071e+00
-1.935416115850793650e+00
-1.334349282058567780e+02
-3.988893686510192538e+02
-1.325590797260464910e+02
-2.756998671924898190e+02
-3.770450103652401594e+02
-2.552019324937717499e+02
-1.276330223319943400e+02
-1.277899176219631840e+02
-3.856545212013587616e+02
-3.936677092940494731e+02
-1.251614147236381314e+02
-3.760652622574465340e+02
-1.309222108312443424e+02
-2.461215247055216366e+02
-5.304159695759312898e-01
-1.276348230107091268e+02
-4.947674369081547785e-01
-1.270963997563253969e+02
-3.882182363642864402e+02
-1.292402755250731730e+02
-2.579132927872269647e+02
-3.824743787159698059e+02
-2.416007013019319860e+00
-1.288971267707781010e+02
-2.659200814049137307e+02
-1.274972386688335177e+02
-1.328589445370006956e+02
-2.081836853759467587e+00
-2.576832855098281811e+02
-1.034188386404855553e+00
-1.298988137537409671e+02
-7.881239105969785896e+02
-1.312160431152262561e+02
-1.125290354466395915e+00
-1.267105798773543484e+02
-9.630352616171259115e+02
-1.052075078299992811e+03
-1.323031159886976980e+02
-4.000284818206496311e+02
-4.030900305395612122e+02
-2.664734423754014188e+02
-1.327631248485437538e+02
-3.972477264836895756e+02
-1.333281106262628271e+02
-9.243770688761760539e+02
-1.300579960320463613e+02
-1.315232979378117477e+02
-6.363587682978673499e+00
-4.005445398536244284e+02
-2.525411102363127895e+02
-1.323724223945168887e+02
-4.921511102435819112e+02
-2.558356536923467957e+02
-1.337812322329102415e+02
-1.311421436183975118e+02
-1.326655685944217282e+02
-1.269691221816888884e+02
-1.317430467538829646e+02
-1.333634945742831803e+02
-2.132189572551668633e+00
-1.311953019034041290e+02
-1.286898061891895964e+02
-2.700917310067783319e+02
-1.313237960680415028e+02
-1.315954222616544200e+02
-1.274769962330824029e+02
-2.774383634311186029e+02
-4.868707738269766327e-01
-2.640981558074891495e+02
-1.261047991565137352e+02
-5.174973708476488810e+02
-2.646650040282417535e+02
-3.922591983349042835e+02
-2.667997565354912695e+02
-9.091275253779931287e-01
-1.312689092633515315e+02
-1.325581617400840173e+02
-1.305249341257686524e+02
-2.635043159813902207e+02
-1.295537307258975659e+02
-1.266472442518177388e+02
-4.217014074815234039e+02
-1.319223976913405636e+02
-1.027101096590206541e+00
-1.295735962077436909e+02
-2.688523088253341484e+02
-1.312826240542421203e+02
-2.617834322218870966e+02
-1.301825930716605910e+02
-9.015883091171370545e-01
-2.654040641085439916e+02
-1.290241276607767134e+02
-1.273655908521349147e+02
-2.537208230815340357e+02
-1.028063393420965310e+00
-2.748064099189217018e+02
-1.265541573568103786e+02
-1.282981526482431605e+02
-1.294487823983083388e+02
-1.297586434456234770e+02
-3.835870887887167555e+02
-1.318598622734272965e+02
-1.744683595568744972e+00
-3.648206148747512998e+02
-1.294468285202320317e+02
-2.523378708259908194e+02
-1.318797378453868419e+02
-1.307080886860505018e+02
-1.323368220677488409e+02
-1.648737431931951880e+00
-1.297781807096727391e+02
-1.411699445027114974e+00
-2.637095063378620239e+02
-1.325450021114968138e+02
-3.101906421582267512e+02
-2.576528414064458161e+02
-1.327413383056931480e+02
-1.273076832050750511e+02
-2.929104895289103894e+00
-4.426468004506340321e+02
-1.289757436114568918e+02
-2.624445713740040560e+02
-1.311558054209474733e+02
-2.687865375819189921e+02
-1.321028001019893736e+02
-1.304130524998323892e+02
-5.452820489619885080e-01
-2.779826072008669371e+02
-2.690304548931306385e+02
-1.309255144932328960e+02
-1.263792251820674437e+02
-1.306846949478577073e+02
-3.089294045208765738e+02
-1.312970892652562043e+02
-1.327403741013820309e+02
-2.645402412116058599e+02
-4.233564450746945540e-01
-1.266054952246131364e+02
-2.747075875125315179e+02
-3.960004601081931810e+02
-1.272196755114059954e+02
-2.557145740997471535e+02
-1.301888328638821974e+02
-1.303810111593830641e+02
-2.573529755630318618e+02
-2.575931898028099454e+02
-3.979436498517186465e+02
-1.261603064314679870e+02
-1.274992421955049338e+02
-1.309922686461471812e+02
-1.330687989932199855e+02
-1.292515655684816522e+02
-3.592856511315050057e+02
-2.658545013838644309e+02
-8.616977333453614847e+02
-1.224097113353427346e+02
-1.236799736388758788e+02
-1.793626095796790665e+00
-2.759662440974285005e+02
-2.651934094702013454e+02
-1.330944908582818584e+02
-1.272426573117962363e+02
-2.636540880178719135e+02
-1.306973758364200933e+02
-2.778361386096661363e+02
-1.279549156835798129e+02
-1.810247510925046432e+00
-1.319829396848208773e+02
-1.240330900912150724e+02
-2.560772212033909909e+02
-1.290854814478369121e+02
-1.280462439009968989e+02
-1.289765072970114659e+02
-1.183312126281328347e+03
-3.852147039942226456e+02
-1.341131711419084240e+02
-1.312463723021633655e+02
-2.674007862995025562e+02
-2.536374639135883911e+02
-4.494516102659937360e+02
-1.315343812387008597e+02
-3.690585451211783266e+02
-9.283388129976809751e+02
-6.579903514093092554e+02
-1.081466985180088841e+03
-9.171165929068160949e+02
-1.337857583285800445e+02
-1.323993191357231467e+02
-1.684802247545895693e+00
-9.356442769703634212e+02
-8.052388652320721576e+02
-4.227386174285814491e+02
-3.264415705523918687e-01
-1.278152480218434874e+02
-3.948650659316602400e+02
-2.664809500090801180e+02
-1.323213261366963707e+02
-1.301550992405555291e+02
-4.271046107911024592e+02
-2.518328145737321790e+02
-2.712510473542567411e+02
-1.325779985846693023e+02
-1.288185229737646154e+00
-2.651294340957456939e+02
-2.524192093424635459e+02
-2.705396406505067830e+02
-2.521097542265183336e+02
-1.300218753788297477e+02
-2.713860872317392818e+02
-1.325004549394290621e+02
-1.317177086333340412e+02
-4.018949325501017356e+00
-3.973962429341790994e+02
-1.366429476766996345e+02
-1.253733340601816071e+00
-3.865681982963408245e+02
-1.325256844680644974e+02
-2.647660782736797387e+02
-1.329034363903296594e+02
-2.747620180620898509e+02
-2.630959434566476602e+02
-9.266840734324617301e-01
-1.266384739835885398e+02
-1.267514672280944126e+02
-1.275443382540795483e+02
-2.627117824815433664e+02
-2.538233039908980970e+02
-1.297445932325349531e+02
-2.682072001851043979e+02
-1.287544190811915144e+02
-1.286144661377306022e+02
-2.840225739857354270e+00
-2.050964237324700568e-01
-2.720779793979443753e+02
-3.296582455899886668e+02
-1.282553588387662558e+02
-2.501602585469403266e+02
-1.298512183370293940e+02
-1.346005778556911991e+02
-1.294608548993452075e+02
-2.586205380055739624e+02
-1.273929721938193040e+02
-2.750379735995004467e+02
-2.555532309393111916e+02
-3.708500697145918821e+02
-1.274021012910323805e+02
-1.290655399799397287e+02
-4.493285402090683078e+02
-1.353249900690177299e+02
-2.573542304030126502e+02
-2.685782102948592183e+02
-2.582209671951162591e+02
-2.732458545460081609e+02
-1.309550893795961031e+02
-2.630529218222257555e+02
-1.296459292248525514e+02
-1.274942192205625418e+02
-1.174654060580763160e+00
-1.033850726914529838e+00
-2.638732394946853219e+02
-2.047611434870977742e+00
-1.374493418247440646e+00
-2.663958296024111974e+02
-2.566691638380519294e+02
-1.318315263801373760e+02
-1.079524442898984304e+00
-2.609418570898886287e+02
-3.691349457593660759e+02
-3.734568184217808948e+02
-7.921793146621530468e+02
-2.568982397660834067e+02
-2.654246982787278739e+02
-1.338425205945818277e+02
-3.650513743277588041e-01
-1.271315098358646907e+02
-2.676355574302796185e+02
-2.049593564726204520e-01
-2.789598888331852322e+02
-9.982836447697917004e-01
-2.518224640477384639e+02
-1.318680708424516581e+02
-1.373963747092824317e+00
-1.299095004900986225e+02
-2.714304250568724797e+02
-2.567402626692132230e+02
-2.694287577966292702e+02
-1.319922471864298927e+02
-4.487444733784343720e-01
-1.251898108464915254e+02
-2.495455710631045747e+02
-1.287184935138510014e+02
-2.615086063874669549e+02
-1.304248443308319452e+02
-1.305976567277497224e+02
-2.577899334203086141e+02
-1.280105178824955772e+02
-1.273878632839164311e+02
-1.326737792733212871e+02
-1.313825252352991129e+02
-2.625739981568661960e+02
-3.723852881005204836e+02
-2.416866120965892151e+00
-1.308500855392560993e+02
-4.033087677977682119e+02
-3.994969167390300413e+02
-1.320930589803717510e+02
-2.575860241281033041e+02
-1.237474877015996526e+02
-1.331269475564650975e+02
-1.288680832202114459e+02
-1.303108132016141951e+02
-2.785885382260487972e+02
-2.636363573394027071e+02
-1.311316283076180582e+02
-2.501807576222367970e+02
-3.707522930222116653e+00
-2.562450076162649566e+02
-2.478155816318830205e+02
-2.578199446194761322e+02
-1.292938556183549679e+02
-2.648310873131415519e+02
-2.635694695731011166e+02
-1.296808680724296607e+02
-1.276582434731704723e+02
-2.604970332455890230e+02
-1.316828160662741709e+02
-1.301227913550162043e+02
-1.243532540446753103e+02
-3.033747924898484598e+02
-2.645546329702254411e+02
-4.648317490104564627e+02
-4.381850013347579420e+02
-2.530485244866937364e+02
-2.642087284133003777e+02
-1.292170557632886982e+02
-1.277629990951858332e+02
-2.577151722945406505e+02
-1.294439334079668242e+02
-1.246927761340726022e+02
-1.320324656825431191e+02
-1.288336151897840125e+02
-9.539391582168822197e+02
-1.362280896144707931e+00
-1.241824421876514862e+03
-1.257063650079098352e+03
-1.244059789883353460e+03
-1.305754894518961009e+03
-1.437390852140705055e+00
-1.245227068315093106e+02
-1.031602694501919359e+03
-7.531824851138674282e-01
-1.302878305909881647e+02
-8.780449699388365161e+02
-2.979226804581800252e+02
-1.333527098640449253e+02
-2.650605330064005898e+02
-2.629254479824566033e+02
-6.524719377585075364e+00
-1.327848421803575150e+02
-2.636480053384340749e+02
-3.334874453027075560e+02
-1.319920899800363827e+02
-1.315739743256009717e+02
-2.997237771011699081e+00
-1.317449175260253185e+02
-4.462193746459373500e+00
-2.652067489922810068e+02
-1.298692195896488784e+02
-1.348026807457003429e+02
-1.322555159920754875e+02
-1.281228232322745555e+02
-2.533834002061493891e+02
-1.303439884741841865e+02
-4.268032466301985437e+02
-1.821779522647553273e+00
-1.227319638001399426e+03
-3.071209736437875790e+02
-3.565341274034082630e+02
-3.328989380011788235e+00
-1.233518223308831239e+03
-2.937486026778670656e-01
-1.254292149819165161e+03
-1.315264435142336197e+02
-2.545622912377498608e+02
-2.696976061031339782e+02
-2.669927117185574161e+02
-1.301030873905365297e+02
-3.844016568290613804e+02
-1.257559544789564399e+02
-1.306715932804431759e+02
-1.297902787641889120e+02
-1.173825021883085810e+03
-1.310945260460161137e+02
-2.536579939279326368e+02
-2.729152475951707402e+02
-9.344845796020631497e+02
-4.385869232589065803e+00
-5.292418535430546171e+02
-2.591668864523424531e+02
-4.612220630710799796e+00
-1.300859578206208766e+02
-2.554159693523755550e+02
-3.647325039443941250e+02
-1.331046608504119604e+02
-3.940292039363273435e+00
-1.264996714164245759e+02
-1.369948867059149507e+02
-6.305647022313059402e+00
-1.351449067485361013e+02
-1.362635531840362830e+02
-2.611727001387059204e+02
-2.650865751567937423e+02
-5.185995347119250027e+02
-1.353655806820754890e+02
-1.324759026181022534e+02
-1.286503911756406353e+02
-2.603206747786485380e+02
-1.062815970513320053e+03
-1.307543730437724605e+02
-2.686912763807417832e+02
-1.317226893009282662e+02
-1.160713306191289803e+03
-1.140321727543842371e+03
-4.147281815313320408e+02
-3.753252153393802928e+02
-2.756496548140652862e+02
-9.614395024376644869e+02
-3.993513390395759757e+02
-2.640286487748052195e+02
-3.973038368919422396e+02
-3.957327586623791262e+02
-2.606964935956182217e+02
-1.300794039797629296e+02
-1.314489819798229178e+02
-1.630597756819877953e+00
-5.186860154860017929e+02
-3.863198521929247704e+02
-5.132544022564590023e+02
-5.988352884643375091e+02
-1.308047591361475384e+02
-1.315070101083239535e+02
-1.380487716521498669e+02
-5.705508934435714536e+02
-4.399764424528301561e+02
-3.897362744906977241e+02
-5.018051673630452569e+02
-3.910671592232948228e+02
-1.325800337874389356e+02
-5.173563168981341498e+00
-2.595368461349925724e+02
-2.637883726024231805e+02
-4.922286051964293030e+00
-5.098338488449384727e+02
-4.932344237810935894e+00
-1.312625981668454642e+02
-6.967921903001021988e+00
-5.031572555092707262e+02
-1.318324401611278347e+02
-3.928370310813034507e+02
-2.658171760574517748e+02
-2.606679561245208561e+02
-3.878245220959593098e+02
-5.007067820050011164e+02
-1.313771066872438098e+02
-2.605959637744121551e+02
-5.013227084022292779e+00
-3.896972983652332232e+02
-3.725207569473923730e+00
-1.280684006329550755e+02
-5.062381600351336033e+02
-1.334596244988431977e+02
-1.387189563332830744e+02
-2.811544644661588599e+00
-3.966784324118598875e+02
-2.656552627434689953e+02
-2.622900226905893533e+02
-1.316626216408714356e+02
-3.945577862080322689e+02
-3.829092724150937102e+02
-5.288352646346102119e+02
-2.630937392598373208e+02
-1.346624402302660997e+02
-4.840641122175209148e+02
-1.293858154220164067e+02
-1.294992891503740680e+02
-2.632069864467989078e+02
-1.329659193008168074e+02
-1.309782157066864841e+02
-1.354203357233218696e+02
-2.819765397975019141e+02
-4.460849183060477117e+02
-3.774053276514118807e+02
-1.342928888100791767e+02
-3.861765424422291062e+02
-2.615332453067215965e+02
-2.686788134650084885e+02
-1.331935929915542260e+02
-1.329616035153203200e+02
-2.595568969401073787e+02
-2.573185202576068420e+00
-3.915303450722568357e+00
-4.690023008308419321e+02
-4.131211099761738410e+02
-2.590190530398887176e+02
-1.298856422939793447e+02
-2.707694518488412427e+02
-2.676544788692415295e+02
-4.395387192362135238e+02
-2.650676921371120898e+02
-1.318581541048987447e+02
-1.324782442280308885e+02
-1.323719003204762714e+02
-1.347334194419448465e+02
-1.342489966199447338e+02
-1.301045015786911279e+02
-1.327490476910209338e+02
-2.663673352163003187e+02
-1.283949712853291203e+02
-1.372038061002915583e+02
-4.619491503584675343e+02
-3.797622705215260339e+02
-4.016184837862091968e+02
-1.281445077259433276e+02
-3.964044310913293430e+02
-2.476778331779483153e+02
-1.298675107677878771e+02
-1.324233031964925260e+02
-2.538146788269746139e+02
-1.315896415519925426e+02
-1.303102610872655873e+02
-1.306698448382747415e+02
-1.285225535276117341e+02
-1.307630315553558944e+02
-2.669623615352559227e+02
-1.342874368573131392e+02
-1.333740142095687986e+02
-2.746552435706626625e+02
-3.144548498424443839e+00
-1.983401130382065780e+00
-1.321753233410684629e+02
-1.292426542133213445e+02
-2.468451932215944566e+02
-1.275072417423686044e+00
-1.319456435486200689e+02
-1.278864899340315304e+02
-1.248614275107519234e+02
-2.645331199652796954e+02
-3.957123815478265101e+02
-2.531730215744045722e+02
-1.303502807961369001e+02
-1.290355921589264199e+02
-1.289044516387565693e+02
-2.665950443751083299e+02
-1.260625614572329738e+02
-2.560733203424221642e+02
-2.569105912929913984e+02
-1.318141980411217276e+02
-1.338606274975739154e+02
-1.308214963814832856e+02
-1.361311080385455909e+02
-1.316227296267328484e+02
-1.353181218691323409e+02
-1.290876739735213334e+02
-4.138486342390634718e+02
-4.673340327275113850e+02
-6.650499998143309313e+02
-1.300884539502227426e+02
-2.879404293439780993e+00
-1.323570305200125290e+02
-2.549113857626406343e+02
-2.676561173741253583e+02
-3.899878796213104124e+02
-1.285407829870798366e+02
-1.303267031744339306e+02
-1.272531388016980287e+02
-6.568730888683279545e+02
-1.269512930009047409e+02
-1.332487734871596956e+02
-1.275901533004655448e+02
-7.987057742442622565e-01
-2.783286673665104445e+02
-1.292901677100155666e+02
-1.296796360699551087e+02
-1.297447397214824889e+02
-2.575002547522630039e+02
-1.345824349120661623e+02
-1.298883116713180925e+02
-2.599640529183286617e+02
-2.572383283356260790e+02
-1.968345992743218309e+00
-2.584005692054631140e+02
-2.648220837299398909e+02
-3.765979968664894706e+00
-1.291545140758553316e+02
-1.294414795409359726e+02
-1.280488081796932818e+02
-1.298822862574932628e+02
-1.303696449818309873e+02
-3.763409330075554635e+02
-1.305956332469033612e+02
-1.313140169968099542e+02
-2.562756435124767904e+02
-1.330482608041561434e+02
-1.303132148405306054e+02
-1.319426406337810249e+02
-1.345952673700813875e+02
-1.286749070523712533e+02
-4.179499589970635043e+02
-1.246493963077483471e+02
-1.275415667657912877e+02
-1.301909820152809800e+02
-1.609822250868043314e+00
-4.433882881328379995e+02
-2.772504118718920267e+02
-2.589171161511754917e+02
-2.670829024574700838e+02
-2.584152499401050704e+02
-2.569185619323151855e+02
-4.416215462404082359e+02
-4.043379963834176465e+02
-1.300280832319303101e+02
-3.836541530403338811e+02
-3.805265959848810553e+02
-1.307233107547139639e+02
-2.670736315706724326e+02
-1.451113846516236539e+00
-1.350158295674988267e+02
-4.371035812798402276e+02
-1.300797557110347498e+02
-2.643058984714217559e+02
-1.285137212436125935e+02
-1.303192653542714936e+02
-2.677696462450168156e+02
-1.269224082414159653e+02
-2.725557277873544990e+02
-2.816452436566045776e+02
-1.298207861773299499e+02
-1.289764337082391705e+02
-4.799943870714780587e+02
-1.272462126572147980e+02
-1.296425887122605047e+02
-4.196085708324018810e+02
-2.573492421967445125e+02
-1.280134177220490130e+02
-1.530740420292918014e+00
-3.730524495490997197e+02
-2.216292586685982169e+00
-1.295952566671475665e+02
-6.693139859956313558e+02
-3.935485139455147330e+00
-2.553378637365141515e+02
-2.601394578302648029e+02
-4.297642731085148284e+02
-1.291566830970641320e+02
-1.284426267937506054e+02
-6.474802379107905681e-01
-2.765337640229835756e+02
-2.650629491149210821e+02
-2.828624945208199506e+02
-1.101477949158586656e+00
-3.774720241046344427e+02
-2.896948203521584553e+00
-2.595076328782536734e+02
-1.265452002126660460e+02
-1.256426328788320603e+02
-3.782757209228648207e+02
-3.484812359068052423e-01
-3.496122471464418595e+02
-1.289427488815778418e+02
-1.297785298346537104e+02
-2.650405165335018296e+02
-1.255616101671663927e+02
-4.227942082261916426e+02
-1.283083604027415845e+02
-2.624482940540650020e+02
-1.329278647533163280e+02
-1.297504459409051947e+02
-2.730166520754975181e+02
-1.303952400052565395e+02
-2.033889336349532062e+00
-1.238612608273083993e+02
-1.269534245077701371e+02
-1.287300869910750691e+02
-3.882690751043825230e+02
-1.300903188362416927e+02
-2.571018105868259340e+02
-2.030320677505470517e+00
-2.724409453133563375e+02
-2.490572972022756062e+02
-1.282620860295401712e+02
-1.306302700043796392e+02
-2.582903305845480304e+02
-1.274111816986344934e+02
-2.486658368811032176e+02
-1.327077140922680201e+02
-2.480971135642014644e+02
-2.648372475196395044e+02
-3.210118620044724480e+02
-2.958147966033743614e+02
-1.304445245999218344e+02
-2.691966728114398393e+02
-1.328524091499619431e+02
-2.597167398103284199e+02
-3.863077870067863842e+02
-2.601165265105473736e+02
-2.668417922917258807e+02
-1.243556538394296780e+02
-1.296966133573950231e+02
-1.330524391657369279e+02
-1.376878046301954726e+02
-4.924412971270316852e+00
-2.676861824781985888e+02
-1.333424646949200394e+02
-2.666877284985760070e+02
-3.921463913270446255e+02
-1.399344506203097183e+02
-2.939456663486005095e+00
-1.321993847785888931e+02
-1.296157311984777607e+02
-2.204649557089559675e+00
-1.315620303519048093e+02
-1.295364813100578090e+02
-1.291189268823529801e+02
-3.057757756231179957e+00
-1.278083547846438393e+02
-1.320596305310501464e+02
-3.180301038404474756e+00
-2.667181709957100111e+02
-1.277300290052813807e+02
-1.317025029947893984e+02
-1.316819031828869697e+02
-1.339800348500680514e+02
-2.597684632508841407e+00
-2.400916411527679983e+00
-3.044442799314419972e+02
-2.589145707342305514e+02
-1.293251906355445726e+02
-1.289616590916941732e+02
-1.307433268703952933e+02
-3.735529104135959528e+02
-1.260619398027052682e+02
-1.288201259499980438e+02
-2.621385480691224075e+02
-2.635355961072066293e+02
-4.540364588382312263e+02
-2.662659002601701559e+02
-3.762019450116509915e+02
-1.307875962285580158e+02
-1.257910457772753148e+02
-8.340686991067352665e+02
-1.311185578049920935e+02
-2.534420756586951651e+00
-1.325030023939100090e+02
-1.263553965045098266e+02
-1.313598735673461988e+02
-2.938497637995367882e+02
-2.675243662751951774e+02
-2.534218601821335142e+02
-1.320019045873253845e+02
-1.307146265674111589e+02
-1.289164334960498195e+02
-1.288118746124520726e+02
-2.583469561837383708e+02
-3.845420631951209884e+02
-1.441749776511707104e+00
-4.103950669528147728e+02
-2.634953720674796500e+02
-1.300395036354897798e+02
-2.680401425032283669e+02
-2.543679993625574696e+02
-2.436384985064481725e+02
-2.595688553162709695e+02
-1.323782902726359225e+02
-2.507148717830091584e+02
-1.924960892413053681e+00
-1.327425899471684545e+02
-2.901966605455624517e+02
-1.308390186996591638e+02
-1.338879313741962784e+00
-2.539403999917981594e+02
-1.323049260689188031e+02
-3.106433621076416216e+02
-1.287933107949486384e+02
-2.587909845724771571e+02
-1.345307756002240751e+02
-2.597358425558813337e+02
-1.316898278350918758e+02
-1.285656152334300373e+02
-4.486721286185688768e+02
-2.699000785537724028e+02
-1.291713781846557936e+02
-1.235094276419986841e+02
-1.311619295219252308e+02
-1.321383532212360308e+02
-2.621070317165190886e+02
-1.271758230592987928e+02
-2.663953451168222273e+02
-7.470055010084289959e-01
-2.618862519438987420e+02
-9.739500447139527450e-01
-1.243890746063975570e+02
-2.503961434631881104e+02
-2.530280185384748961e+02
-1.285183861091225310e+02
-2.940744261881205190e-01
-1.588814616328711793e+00
-5.837580241077915399e-01
-2.644325600757815664e+02
-2.670735112801675086e+02
-1.989757544578223680e-01
-1.260334473904437829e+02
-1.265140816250325457e+02
-2.761621353151292091e+00
-1.194140701545503163e+02
-1.075089467476322170e+03
-1.408503615748108562e+00
-1.355164687091562143e+02
-3.304235168269901806e+02
-2.613342200894590519e+02
-1.308017766429234143e+03
-1.290958923843232640e+02
-2.439798603880536234e+02
-1.240266206933604280e+03
-2.500070715797389767e+02
-1.108777412255161153e+03
-1.356626401480895652e+02
-2.509622824664937752e+02
-1.359726383851578646e+02
-1.081666938848774407e+03
-1.364125357028964061e+02
-3.989580476139408916e+02
-1.288288050024103484e+02
-2.893091298411318348e+02
-1.322964469599834842e+02
-1.218918317297325302e+03
-1.280671661145569942e+03
-1.246259749636619517e+03
-3.022354658927863511e+02
-1.388600303586575592e+03
-1.306050148710240535e+02
-1.427358415418470031e+03
-1.433347972154431545e+03
-1.322278148704065188e+03
-1.583316234961498367e+03
-1.568553443538341071e+03
-1.573541245702329434e+03
-1.620602259959230196e+03
-1.622424159435500087e+03
-2.525579606431706736e+02
-1.627891647217104264e+03
-1.253445986624276864e+00
-1.310396289436575898e+02
-1.321983611045343139e+02
-2.469386238104886786e+02
-1.594733686151841312e+03
-1.318954237043326145e+02
-3.652493454489174951e+02
-1.192644441666257222e+02
-1.362558648246433677e+02
-1.575454942182864670e+03
-1.571771638585716346e+03
-1.550900768010601041e+03
-1.461985324073007178e+03
-4.034331472868649939e+02
-1.632219937826391742e+03
-1.588966106068772660e+03
-1.556585306086637274e+03
-1.478552163183165931e+03
-1.571623012362622603e+03
-1.564411900477379504e+03
-1.378711630626040687e+02
-4.061589460892761849e+02
-1.559703706763533546e+03
-1.552877840348869313e+03
-1.580071621579934799e+03
-1.570713415177311163e+03
-1.633352839862510791e+03
-2.653936090166207578e+02
-1.621592982495544902e+03
-1.391629465528293679e+02
-1.339583162969179284e+02
-2.514779716076289162e+02
-1.534235101919434555e+03
-1.209571966436061672e+02
-1.414754027792644422e+02
-1.360665107339571591e+02
-3.676014316012739300e+02
-1.555134311839160773e+03
-1.176149641495147620e+02
-1.396940558558002976e+03
-1.224039263513514015e+02
-1.573437312539620052e+03
-1.571510683682191711e+03
-3.866763819947287573e+00
-1.540475293556879933e+03
-2.619395350227997028e+02
-1.558556687295302254e+03
-1.577713794085212385e+03
-1.588278438496539820e+03
-1.564420030553459810e+03
-1.538513993881921579e+03
-2.609876168126973539e+02
-1.078807007155768938e+00
-1.522896357466347808e+03
-1.648830953835890568e+03
-1.273345849599243991e+02
-1.427808305264863066e+03
-1.598876907027954076e+03
-1.535227289295679611e+03
-1.243509558904518855e+02
-1.274969938144203780e+02
-1.568450990187471689e+03
-1.299707225308356158e+02
-7.838934505798169639e-01
-1.442564532253263678e+03
-1.565865828748621198e+03
-1.299386941683145551e+02
-1.544065950412994653e+03
-1.423949267268699487e+03
-1.558377308068653520e+03
-1.555749239861778960e+03
-1.568635097115103690e+03
-2.435141568291776650e+02
-2.848444452244908165e-01
-1.303015014493687431e+02
-1.563892278729627833e+03
-1.033562559171519402e+00
-1.596116741880576001e+03
-2.573480125269539371e+02
-1.346644543097626467e+02
-1.606421166909721251e+03
-1.445766098179276014e+03
-1.326945455613804370e+02
-1.573251450640860867e+03
-1.513614600194910281e+03
-1.753288636438572690e+00
-7.187650560791661292e+02
-2.491069548744596034e+02
-1.553801280893796047e+03
-1.569837660189926282e+03
-1.562748202410316253e+03
-1.488972641168234304e+03
-1.599613402437435980e+03
-1.430249305888159142e+03
-2.497743947184282547e+02
-5.258534539778535191e+02
-1.534872944143227187e+03
-1.343296178781863262e+02
-1.488409061517554164e+03
-1.559683028801764294e+03
-2.625632203674812786e+02
-1.285215657812451298e+02
-1.381264583650513259e+03
-1.583464389585549270e+03
-1.534242985489135890e+03
-1.319729087799363185e+02
-1.566390211535675917e+03
-1.585876705240314323e+03
-1.570811111471728282e+03
-1.421285465660886075e+03
-1.522033203264671783e+03
-1.566307618234789516e+03
-1.462963227305762302e+03
-1.436186579481369336e+03
-2.462612708986138159e+02
-1.482144085395165803e+03
-1.435164909426852091e+03
-2.486168904454845290e+02
-1.510653882908899504e+03
-2.780271724859080678e+02
-2.576234288099847731e+02
-1.512600306159589991e+03
-5.448081482730539165e+02
-1.473651364866707127e+03
-4.083556964213594931e+00
-2.690407086545657194e+02
-1.355663439670407513e+02
-1.394919205705465629e+03
-1.458426833976465559e+03
-4.750099885546736900e+00
-1.386745048581972810e+02
-1.418113850691489006e+03
-1.335873145365997971e+03
-2.547801482255045187e+02
-1.376176434711238926e+03
-1.430544279048875296e+03
-2.751865591418048211e+02
-3.919199079037337583e+02
-1.349345499916860263e+02
-1.442567542634481470e+03
-1.425325992871615426e+03
-4.824627516021986473e+00
-1.322159339073746196e+02
-1.321494021081870756e+02
-1.396233330921852939e+03
-1.327795056272511545e+02
-1.369591748025396100e+03
-1.374837956454633968e+03
-1.380586608976314892e+03
-1.419796892128659692e+03
-1.383671387535337317e+03
-1.353960165104864927e+03
-1.402636733034760709e+03
-1.357649613892089292e+03
-2.505561976591191353e+02
-4.050057777778811214e+02
-1.410484494122272508e+03
-1.390575583140193430e+03
-1.372331214981744552e+03
-1.303204742233338322e+02
-1.970172678474505279e+00
-2.656832508149097976e+02
-1.123047321361576589e+00
-1.305468425237799579e+02
-3.750239714669830278e+02
-8.645582697277506279e-01
-1.492418796302747523e+03
-2.482773307438385189e+02
-2.502200894433134692e+02
-1.475304664592092877e+03
-1.419298955524441226e+03
-1.438405058115958582e+03
-1.318991674103522882e+03
-1.308577154577988892e+02
-4.787812757598647329e-01
-1.279097964622462626e+02
-4.497793269814656103e-01
-1.287584536838998304e+02
-1.317458759749192154e+02
-2.944054240801156652e+02
-2.575558969144581170e+02
-1.381787818564179815e+03
-1.408804429555052138e+03
-1.315527770446521458e+02
-1.284549215515915648e+03
-1.428516447264966928e+03
-1.313350665923859140e+02
-2.822341719302493175e+02
-2.848616396418430554e+02
-1.486649302211538497e+03
-1.422266664615766558e+03
-1.480115192054096497e+03
-1.451516163993862847e+03
-2.444959006281790721e+02
-1.330732477610319222e+02
-1.355173379755321776e+03
-1.523665582179585044e+03
-2.670141747915253063e+02
-2.267314756014715993e+00
-1.250434265027453620e+02
-1.472584456703719070e+03
-1.438535540933518405e+03
-1.495937422807114672e+03
-1.402045822943867734e+03
-1.274921893059990907e+02
-1.443884654535521804e+03
-1.324538615330672201e+03
-1.398997854724932495e+03
-1.506796103929069432e+03
-1.285745731548132085e+02
-3.527586750950151213e+02
-1.357489146038735726e+02
-3.496705786895981305e+02
-1.263520383265924636e+02
-2.305304839515223136e-01
-1.536012751577827430e+03
-1.241160268125150878e+02
-9.718706041307866599e+02
-2.457278289949041437e+02
-7.883006625248237924e+02
-2.685663070106439818e+02
-1.462967743070965525e+03
-1.284054666193220555e+03
-1.290612303012138398e+02
-1.369224290550610704e+03
-9.885942362787176751e-01
-1.464040297841475876e+03
-1.423317562857232360e+03
-7.674864386127090432e-01
-1.408301149279625797e+00
-3.471637139764121582e-01
-1.436366608162544935e+03
-1.503390548967845234e+03
-1.451234691979386298e+03
-2.081475730280630376e+00
-1.368348313138618551e+03
-3.958569552498838018e+00
-3.106602683750693927e+02
-1.289750492081900859e+02
-1.389728288736166178e+03
-1.399953466286422099e+03
-2.535326306048729634e+02
-1.397819154998402837e+03
-1.297103204018683584e+02
-1.246360708565928235e+02
-5.273254389054474744e-01
-2.564452472961698390e+02
-2.500877144142893655e+02
-8.095048232895170059e-01
-7.874465254605812561e+02
-2.054565365692201162e+00
-9.045826185993344097e+02
-2.907306253371193634e+02
-1.350973031539240992e+03
-1.391837059193035429e+03
-2.478547692966487830e+02
-1.376700604210632036e+03
-6.607801613084369752e-01
-1.383451946221377739e+03
-1.190019133172341554e+02
-1.500339704966962699e+03
-3.525033994627356719e+02
-2.420573902589576720e-01
-2.768119942609264967e+02
-2.560275293853982248e+02
-2.778524436505952053e+02
-1.487859827812923641e+03
-2.104638778714081893e-01
-1.390488641663808721e+03
-1.428968798568606417e+03
-2.569336373466778127e+02
-3.688586822339413041e-01
-1.485096902605479045e+03
-2.471162954698595229e+02
-2.563736469770893223e+02
-1.383778757675838960e+03
-1.394281104162386555e+03
-1.179301557285427577e+02
-1.398916274321909441e+03
-1.452405256710139156e+03
-1.408060320031529045e+03
-1.440231498168944881e+03
-1.496175204331118039e+03
-1.217066706904100641e+02
-2.586821649205891163e+02
-3.786333009033780339e+00
-1.450483551343599856e+03
-1.556276596296328762e+03
-9.903051533180564636e-01
-1.565978528081163404e+03
-1.302841513619875968e+02
-1.392860166965280996e+03
-1.193504648430106130e+02
-2.434910208893370793e+02
-2.447495973252410693e+02
-3.328676054070859323e+02
-1.407231877616950669e+03
-1.415107669376839112e+03
-1.792380210447369060e-01
-7.890134373460373354e+02
-1.447313138497647287e+03
-1.431480778313799419e+03
-1.420928020341416186e+03
-1.245061026007700349e+02
-1.254527044212881179e+02
-2.669607372592981864e+00
-1.524268881925474034e+03
-6.374344120218129461e-01
-1.304697185506988149e+02
-4.726564333475727722e+02
-1.538847769311854108e+03
-1.480293102389954583e+03
-2.498800719168906710e+02
-1.480645725928452066e+03
-1.427443157062198452e+03
-1.428024455334961431e+03
-1.398122870943197313e+03
-1.416038768944398726e+03
-4.456973742232325786e-01
-1.312847971299508743e+02
-1.441301650822998226e+03
-1.394265691246020197e+03
-1.379075112063028200e+03
-2.561549258761832562e+02
-1.367153582356918605e+03
-1.203762317069323160e+02
-1.333339968337034520e+02
-1.360696623004820594e+03
-1.376208830288191166e+03
-1.403069904669044490e+03
-1.298480654015189657e+02
-1.265442297551906563e+02
-3.095997597942707902e+00
-3.272775164268735271e-01
-1.323352023103231659e+03
-1.322928022585204872e+03
-2.408945623217477703e+02
-1.384432408795458741e+03
-1.443943982011123126e+03
-1.490338734170098178e+03
-1.405046652265346893e+03
-1.448191194627799177e+03
-1.294320262737222436e+02
-1.212988675605007955e+02
-1.276611132404396756e+02
-1.484357304492552885e+03
-1.501030463873123153e+03
-1.295050749371980032e+02
-2.512076971288946936e+02
-1.443443887569960452e+03
-1.391384930874331303e+03
-1.548576625481388646e+03
-1.559108984865230923e+03
-1.505465057472710669e+03
-2.458617984711753763e+02
-2.412235038724090543e+02
-1.516632973017310633e+03
-3.502168927408905574e+02
-1.312579083648446385e+02
-2.646915023527152471e+02
-1.440576098742874137e+03
-1.354975895703339575e+02
-1.409832367869204290e+03
-1.511579755066416965e+03
-1.526533503247758517e+03
-1.570458077180637474e+03
-1.282568160057890339e+02
-1.535115534515129866e+03
-7.938453624741763406e+02
-1.448840720121560480e+03
-1.236044322020589874e+02
-1.566338728428852619e+03
-5.678514858448212408e+02
-1.519549591274682598e+03
-1.455976358762373138e+03
-1.032186876053241775e+00
-1.448532094223358172e+03
-1.293860968716571733e+03
-4.775764745106005194e+02
-1.403743970264979453e+03
-9.166955832824352228e+02
-2.884355622647086079e+02
-1.465716170694704033e+03
-1.553968546912092279e+03
-1.861222313860494415e+00
-1.008046125940763815e+00
-1.862750538590269400e+00
-4.378570146156992138e+00
-7.834187238417014214e+02
-1.289280462578464608e+02
-1.394764320007029482e+03
-1.384426427708928600e+02
-1.511792941626523088e+03
-1.409170981575129417e+03
-1.333009704043927059e+03
-2.509173543443936012e+02
-1.344677291238847374e+02
-1.379548873493431813e+02
-7.823848370890116755e+00
-1.441023068201897104e+03
-1.380420188776359055e+03
-3.756128510772724471e+00
-2.619041864103724038e+02
-1.549143281187577941e+03
-1.540421007727257120e+03
-1.388296541344377601e+03
-1.475749213069926782e+03
-1.412069531694377247e+03
-1.535272092640734172e+03
-1.462320570604477098e+03
-1.492159164479205401e+03
-1.813948284041131176e+00
-1.407914077927075823e+03
-1.563200061433714609e+03
-1.498081095928764853e+03
-1.400290476856797568e+03
-1.433428098426256611e+03
-1.262932682020146160e+02
-1.552067443174824348e+03
-1.566813820352464290e+03
-1.311057632685738952e+02
-1.557103822815887497e+03
-1.276549374145451594e+02
-1.547741063834215538e+03
-1.279269028174065994e+02
-3.393144059217274133e+00
-9.083631748012908069e-01
-1.491084473256257525e+03
-1.396066947543116839e+03
-2.466634624311202231e+02
-2.464350751252039231e+02
-1.546357204519353900e+03
-1.281262056634099054e+02
-6.414828849225548968e-01
-1.246281848751393539e+02
-2.688299840928672211e+02
-2.742422750175109059e+02
-2.478433828884831769e+02
-1.427428070571062335e+03
-1.212646568220238237e+02
-1.076564403867968167e+03
-3.618291915471866904e+00
-1.216704738690165186e+03
-1.384493886300483837e+03
-1.456191280991371741e+03
-1.217214293460773433e+03
-1.478602018446873444e+03
-1.099124748042178856e+00
-1.226461872050820148e+03
-1.098496775892439700e+03
-1.198597553966578971e+03
-1.325691315544190047e+03
-1.157319617814256162e+03
-1.509214348975603571e+03
-1.542853112224306869e+03
-1.045921497777526632e+00
-5.517624540040761971e-01
-1.504894593550067611e+03
-1.517129375278598445e+03
-1.568284946579668485e+03
-1.225650443673000382e+03
-1.226200479910263766e+03
-1.430185084719077167e+03
-1.166087057881296460e+03
-1.189448927074356561e+03
-2.430408475804092916e+02
-2.785815444379609858e+02
-2.749957518794006628e+00
-1.323443995470547065e+02
-1.083349984085120695e+03
-1.557771887204628229e+03
-1.289661043163231398e+02
-1.477631541339401110e+03
-1.238806437786134893e+03
-1.429505280599981916e+03
-1.581898874495792597e+03
-9.138958818465866329e+00
-1.562291147589125103e+03
-1.471130320537678699e+03
-1.211895671344655739e+03
-1.242487263232726718e+03
-1.468851292327467036e+03
-1.331186476705443908e+02
-1.544936854884440208e+03
-5.410679024364393186e+00
-1.237473943397927997e+03
-1.273055342885831465e+02
-2.720064707229313967e+02
-1.222425337623714995e+03
-1.210489027713172845e+03
-1.224838203232761998e+03
-1.513305783338201309e+03
-2.457101403968592876e+02
-1.737194665139389249e+00
-2.482981902924819906e+02
-1.522660255605542034e+03
-1.476207213536917834e+03
-1.278477548782906155e+02
-1.218310243459934100e+03
-1.543094876859668830e+03
-1.317370944044942291e+02
-1.430790170875678314e+03
-1.516607750533625222e+03
-1.512316404089830712e+03
-1.533720923705088580e+03
-1.296293687678169704e+02
-1.529849895441210720e+03
-1.224243584875410278e+02
-1.411345351396637852e+03
-2.909817860989912131e+00
-2.422289311859592065e+00
-2.273130681965162214e+00
-1.431610374666082862e+03
-1.105107810955025343e+03
-2.544835557274920177e+02
-1.517309173055543852e+03
-1.451250530507556959e+03
-1.517292579189515436e+03
-1.215555481202893134e+03
-1.466191615689935816e+03
-1.403135057408665944e+03
-1.199325355566325470e+03
-1.409437456425555183e+03
-1.510828112356382007e+03
-1.451801502487595144e+03
-1.203218025111239285e+03
-3.194893496906941355e+00
-1.314129960665103454e+03
-1.274937430546938913e+03
-2.500809757973664489e+02
-1.378285022184781550e+00
-2.440529080896693586e+02
-1.548021203925542522e+03
-1.218713340746110816e+03
-1.208295715468770595e+03
-1.216316394752675478e+03
-1.208714793092924083e+03
-1.307521463309361422e+02
-1.516602392877842249e+03
-1.102162681993591150e+03
-1.505329782202651813e+03
-2.557234954240088314e+02
-1.577148275391500420e+03
-3.042495263714463771e+00
-1.553786811274825823e+03
-1.165394868110365678e+03
-1.477548203581319740e+03
-1.236201154997693124e+02
-1.555280807168030378e+03
-1.561780348529650610e+03
-1.571796294229946398e+03
-2.803207061241893712e+02
-1.559940402866301156e+03
-1.548994072716942128e+03
-1.086129679429999214e+03
-2.475316723847330991e+02
-1.575331569285651540e+03
-1.557188053231821414e+03
-1.452008259164417495e+03
-2.522270478306820678e+02
-1.279452400743659553e+02
-1.634023183539116575e+00
-1.528379230412864899e+03
-1.527473099533246568e+03
-1.275350384751153285e+02
-1.200432210345266640e+03
-1.472307429701780620e+03
-1.207630133994111702e+03
-1.526983304247216665e+03
-1.211799866307178036e+03
-1.235229752169777157e+03
-1.539470521096281118e+03
-1.456186422206802035e+03
-1.441721463668367733e+03
-2.413916796507936908e+02
-1.546390521603202842e+03
-2.781286879743091731e+02
-1.528609358658194424e+03
-2.459559379323777932e+02
-1.488686993734263069e+03
-1.308053823647625507e+02
-2.478197990692536905e+02
-7.174093561130500118e-01
-1.168949540578091955e+03
-1.402135751606524309e+03
-1.425136843507356389e+03
-1.313993299032868549e+02
-1.165043932522168916e+03
-2.565596725101911488e+02
-1.072615911148800024e+03
-1.104267033923391182e+03
-1.320604538024932992e+02
-1.419315754914462559e+03
-2.507667001063444445e+02
-1.425680031158840393e+03
-1.390516372081402778e+03
-1.076800268519777319e+03
-2.414314253559859651e+02
-1.403953132231211157e+03
-1.308782686268570785e+02
-1.299715010687604888e+02
-1.211806159752124131e+03
-1.260480559891596215e+02
-1.389639816662328485e+03
-1.371511285453842675e+03
-1.913953883173058923e+00
-2.446105985364078776e+02
-1.354812499453660394e+03
-1.820937030064010198e+00
-1.315128808540830732e+03
-1.288983635813226840e+02
-1.370225630540207703e+03
-1.320698946579712185e+02
-1.369754787408867287e+03
-2.631292651242472971e+02
-4.452015642918726535e+00
-1.223812145810501875e+02
-1.306587737368370199e+03
-1.385098344997591767e+03
-2.490117897174917516e+02
-1.210794629210745796e+02
-1.375195066279852654e+03
-1.294092762919421375e+03
-1.319764547921431586e+03
-3.637606127896013390e+02
-1.325871277466481217e+02
-1.334482000637616466e+02
-1.323567419160253621e+03
-1.368652472363604147e+03
-2.520619192996289541e+02
-2.450217864305677722e+02
-1.306106831298149586e+02
-1.244053340815660249e+03
-1.278603848572512561e+03
-3.899520418465530724e+02
-1.176741499727218638e+02
-1.384407774407339275e+03
-1.012634898623911539e+00
-1.356535476439875538e+03
-1.293363052087275378e+02
-1.368961530272519440e+03
-1.345941554831494159e+03
-1.289475095299330292e+02
-3.715746534304536226e+02
-1.292067579909253539e+02
-1.435199671654058420e+03
-8.081213386487798855e-01
-1.265166139479789535e+02
-1.429488493764859868e+03
-4.167966050007096328e+02
-3.526567563981495823e+02
-6.827585716596296095e-01
-1.362497402062567971e+03
-1.313318160783850317e+02
-2.546276479238210584e+02
-1.255875603249619843e+02
-1.433190031937789399e+03
-2.587249256151081909e+02
-1.450840173691992732e+03
-1.204898527202194316e+02
-2.695954028396817534e+02
-1.313260374735518212e+02
-1.437410440794268425e+03
-1.302544638467189202e+02
-1.250263265246012878e+02
-2.682482274429012770e-01
-1.195534992560750283e+02
-1.387778816263016324e+03
-1.389795359977180624e+03
-2.562306381553212873e+02
-1.295202100374113172e+02
-1.341765595988867062e+03
-1.277229249153980618e+03
-1.311104499437729203e+02
-3.761123088496270839e+02
-1.230045689025046840e+03
-1.361526906218106205e+03
-1.315734990693314785e+03
-1.619496396145418737e+00
-1.313357022887989842e+02
-1.356336293108207428e+03
-1.381293132136220493e+03
-2.869302050571528753e+02
-2.400270679539491141e+02
-1.442566877467352015e+03
-1.405746115191134322e+03
-1.321149179751561462e+02
-1.303080060770533635e+02
-1.654514269620517841e-01
-7.104929104117394534e-01
-1.513869083568798033e+03
-1.395437255300930246e+03
-1.191590874277973313e+02
-1.496371381367056301e+03
-1.500706289957142644e+03
-1.414747947375285776e+03
-2.957095223317084409e-01
-3.207949486539225745e+02
-1.428250699955453683e+03
-1.417097007671245137e+03
-1.243366767450140964e+00
-1.518046793725118304e+00
-1.440975581707391939e+03
-2.572062172589942861e+02
-1.372293859646075589e+03
-1.428549006673107215e+03
-1.512194607817807992e+03
-2.556268693502592271e+02
-1.325486200200409428e+02
-1.311304793234498334e+02
-3.473620612889597670e+00
-1.519636725916396927e+03
-1.439910660629139102e+03
-2.483996597507673414e+02
-1.146934440707802483e-01
-1.385234667100311071e+03
-1.321353782059612740e+03
-2.772600278869719546e+02
-2.615397726379765686e+02
-1.281515626314416068e+02
-1.289285485860083611e+02
-2.494694375227567491e+02
-1.296793320328481229e+02
-3.763719240448216965e+02
-1.443162329419944399e+03
-3.836210353632165493e+02
-2.478434318061772785e+02
-1.537412229963658547e+03
-1.307864276923330351e+02
-3.429035035455881939e+02
-1.548665291871561294e+03
-1.268811970806766851e+02
-1.384648687906091709e+03
-2.578510413834441692e+02
-1.143533617322110008e+00
-3.616298393097441721e+00
-1.452235139000382787e+03
-3.605479762116056577e+02
-1.304793734451786804e+02
-1.471258154910506619e+03
-1.267523201042274366e+02
-6.217312876456960735e-01
-1.485591122402935071e+03
-1.444188668074526731e+03
-1.444246204310539269e+03
-1.499492063867329989e+03
-1.544938270608054609e+03
-1.526277393929601885e+03
-1.457797211387431844e+03
-3.520065808337026758e-01
-6.961113585528039271e-01
-1.289337920005587250e+02
-1.424438149241375868e+03
-8.258810177524380514e-01
-2.446459006087605701e+02
-3.471823331273714008e-01
-6.523491496360200870e-01
-1.551191944720068932e+03
-1.316323833493917732e+02
-2.714245310208714841e+02
-1.518150877463737061e+03
-3.693138190673844190e-01
-1.291184292610799957e+02
-1.545149048057204254e+03
-1.301966377401761576e+02
-1.569106881136086940e+03
-1.439791978800495144e+03
-4.103253590765648107e-01
-1.445903789677897066e+03
-1.504084120859872428e+03
-3.565354082754357279e-01
-1.294724836362784401e+02
-2.445015295987505510e+02
-1.474012150200873975e+03
-2.480014800337593499e+02
-1.557201703939123263e+03
-1.532893583907983611e+03
-2.911688669710488675e+00
-1.348119142568922598e+03
-1.444729987410815738e+03
-1.541823074859371900e+03
-1.290285845027522100e+02
-2.485986135766802931e+02
-2.575314030431790115e+02
-1.334065864866141737e+03
-3.687818973761161487e+02
-1.298537762338833090e+02
-1.506755611158831243e+03
-1.237383600086623971e+02
-4.620974169105144824e+02
-2.542310426114673874e+02
-1.448618582585825607e+03
-3.407267319864066835e+00
-1.538231010236440625e+03
-1.514668368156601673e+03
-1.292815302193087632e+02
-1.313749998177137286e+02
-1.290010680546176616e+02
-2.677637457316863561e+02
-1.448029687506197433e+03
-1.439150610285229504e+03
-1.403649754492608963e+03
-1.492252224519678975e+03
-1.456324510590990258e+03
-2.476582589812739457e+02
-1.416703903216788603e+03
-5.752945192666706342e-01
-1.305500870358621057e+02
-1.326181600639365001e+02
-1.417073613313256828e+03
-1.426812798996463016e+03
-5.989016961069794087e-01
-1.293403291378404276e+02
-1.400630477390470560e+03
-1.335793475437699726e+03
-1.296010339307427159e+02
-1.358187087704553051e+03
-2.466245134801629035e+02
-1.294810672669460700e+02
-1.324473133032438454e+02
-1.327751978525128322e+02
-1.354805811880081819e+03
-1.343460156617998393e+02
-4.040560343183661303e+02
-2.532708576520032295e+02
-1.296727962911820953e+02
-1.254923388578822312e+02
-1.388916111991908792e+03
-4.272430750207826691e+02
-7.533690863293476259e-01
-1.336302164527574860e+03
-2.650552314225398618e+02
-9.313149303427384895e-01
-1.427480653748720897e+03
-2.433150536642755526e+02
-1.353272870265081337e+03
-1.285396947676620414e+02
-1.390855454606673447e+03
-4.319295765470528750e+02
-1.293485452819259649e+02
-2.587728629999480745e+02
-4.274197835700463202e+02
-1.413675605030806764e+03
-1.266898727083631684e+02
-1.411424353955046627e+03
-1.949364188786850249e+00
-1.310707778461742805e+02
-2.498144142193262383e+02
-1.504154347709634521e+03
-1.493125749742613152e+03
-1.286321262325693624e+02
-5.035834651468122924e-01
-1.271096902148778781e+03
-2.512674974160487018e+00
-1.345860457483045707e+02
-1.296611022662749235e+02
-1.275264816391008509e+02
-1.327045743093671490e+03
-1.383793149101711151e+03
-1.339942027047186002e+03
-1.271111206743559023e+03
-5.948677247375290245e-01
-2.742513613796533036e+02
-1.296284506371891041e+02
-1.271045252344807068e+03
-1.191435897145659482e+02
-1.282336442013887790e+03
-1.298322501785376346e+02
-1.268461870674342890e+03
-1.337670673014001068e+03
-1.350381848053708381e+03
-1.300049780510927064e+02
-1.229310392543932721e+03
-2.740187424277543755e+02
-1.311125339747722478e+02
-1.302197446051138968e+03
-1.281583005393691792e+02
-1.224760650041740064e+03
-1.206823691035802085e+03
-1.242673382750199380e+03
-2.489749503480662725e+02
-1.289409094914125831e+02
-2.539141239118014823e+02
-1.293535089024426838e+02
-1.294943495427768880e+02
-1.323052311099695260e+02
-1.263145172882793048e+02
-1.236230464511129640e+03
-1.238172808059124236e+03
-2.591388630206267294e+02
-3.079085568912795168e+00
-2.661106046051748990e+02
-1.271470178677633839e+03
-2.596216127212440483e+02
-1.260518695404091716e+02
-1.313083679060038946e+02
-2.452627649377411387e+02
-1.298851015433523912e+02
-1.313532272098898147e+03
-1.331245833822492557e+02
-1.325119918174322947e+03
-2.408129638936154606e+02
-2.435421913907079556e+02
