-8.961658344461585557e+02
-1.084306133701939871e+03
-1.201376229431387173e+03
-1.507086918974023547e+03
-1.249709529365867411e+03
-1.440731925861102354e+03
-1.226370217407310975e+03
-1.708000409974959211e+03
-1.276805786148881225e+03
-1.221167343809736394e+03
-1.707161947502901967e+03
-1.163778440328661418e+03
-1.348241571145537591e+03
-1.528598358048289583e+03
-7.749441985925319614e+02
-8.563443682853829841e+02
-1.671767828649272815e+03
-1.230896735876052617e+03
-1.130668796445371527e+03
-1.165568918255622748e+03
-1.318981750681063431e+03
-1.720067354098134274e+03
-1.389900115565788610e+03
-1.518437098867556415e+03
-1.263594955368062074e+03
-1.072226328806329775e+03
-1.355072093299031167e+03
-1.073658229058734378e+03
-1.599649747050788164e+03
-1.197732132509558369e+03
-1.418294362660664774e+03
-1.193408624201502562e+03
-1.177437173924887247e+03
-1.068006405476987538e+03
-1.082088495099666943e+03
-1.186073755020840736e+03
-1.771964930133194912e+03
-1.290351887641723806e+03
-1.110607493901608223e+03
-8.747834791893367310e+02
-1.322883973765250175e+03
-1.536017708103923724e+03
-1.756916239243499376e+03
-1.772009371935607305e+03
-1.699634708708415019e+03
-1.541546019418103469e+03
-1.601670958963976773e+03
-1.012026407948843371e+03
-1.346474935697575575e+03
-1.282938915896614162e+03
-8.726652118731145720e+02
-1.796257729814016557e+03
-1.019694699606811241e+03
-1.083291457353645683e+03
-1.319188008879914150e+03
-1.708482025940827498e+03
-1.446980179950461661e+03
-1.138280556888399587e+03
-1.774296489064870002e+03
-1.399320299726519124e+03
-1.571991189925854087e+03
-1.512590256910259313e+03
-1.082242933132295320e+03
-1.375178252750222555e+03
-1.287124008125160344e+03
-1.405393843506087251e+03
-1.745241327119539392e+03
-9.650048603125043201e+02
-1.373986483682549533e+03
-8.795735516630047641e+02
-1.707528888706417320e+03
-1.078817624851869141e+03
-1.724813821494067270e+03
-1.529957726744016554e+03
-1.212168562269008362e+03
-1.580737778324640203e+03
-1.538679615067205077e+03
-9.876404572598949017e+02
-9.030895398021458504e+02
-1.372492503373652653e+03
-1.303382379824445934e+03
-1.428623759022069862e+03
-1.183952290874505252e+03
-1.259701604235606510e+03
-1.533817876842713986e+03
-1.068139159725107902e+03
-1.519345573001313824e+03
-1.518775710964291420e+03
-1.493145293337358453e+03
-1.173038068022740390e+03
-1.102517417447143998e+03
-1.066702922928185671e+03
-1.368794405956838318e+03
-9.586906356348689542e+02
-1.709505897974632262e+03
-1.801766792231798945e+03
-1.771026553279594737e+03
-1.124865495044725549e+03
-1.153609106067940274e+03
-1.107926466244043240e+03
-1.845329824601932842e+03
-9.147612154203723094e+02
-1.379322463126143020e+03
-1.560398223135358194e+03
-1.523130771356552714e+03
-1.581654491112647293e+03
-1.548508528815246791e+03
-1.551890968953737456e+03
-1.474589736281479190e+03
-1.623540896629100189e+03
-9.863004589734513274e+02
-1.146784165702609243e+03
-1.223060388699962004e+03
-1.032767992843313777e+03
-1.527442154384019886e+03
-1.421702000713082498e+03
-1.042389300837598057e+03
-1.409360034282213746e+03
-1.427993022551760987e+03
-1.298438135508062032e+03
-1.163550573183242932e+03
-1.628654775143532561e+03
-8.372829619646920492e+02
-1.739586224211611807e+03
-9.808366234587462031e+02
-1.535510204328686768e+03
-1.157014029201190169e+03
-1.356681317780242807e+03
-1.378523987251637436e+03
-1.093752356198740472e+03
-1.054856663571257741e+03
-9.652185063217517609e+02
-1.264368128370166687e+03
-1.452153539059051127e+03
-1.449429712925197919e+03
-1.435482467283304914e+03
-1.746198186219768331e+03
-1.089091732677832624e+03
-1.680807630165246792e+03
-1.543931556986276291e+03
-1.276942528599925254e+03
-1.197264321592138685e+03
-7.586680825604712481e+02
-9.517273150445525971e+02
-9.021041315892862258e+02
-1.481924514262048433e+03
-1.274041728278824849e+03
-1.633304855323051697e+03
-1.813611860354239298e+03
-1.144909025046267743e+03
-8.843158269218620262e+02
-1.790074279217706817e+03
-1.464656836360562238e+03
-1.285995511726595851e+03
-1.167811253451073753e+03
-1.295872058624658393e+03
-1.398711266122024654e+03
-1.155821929490241246e+03
-1.502165058015991463e+03
-1.232669663900660453e+03
-1.547623583433481144e+03
-9.091040438792326768e+02
-1.618731646963282856e+03
-9.826533822631068915e+02
-1.362720053507343209e+03
-1.432911034179232956e+03
-1.358025652606163021e+03
-1.798351682772516369e+03
-1.279177220788420755e+03
-1.180672418451681779e+03
-1.329309824201811352e+03
-8.880474977533780248e+02
-1.602089134003572781e+03
-1.125051689768362621e+03
-1.389277994131433161e+03
-1.258582539168665335e+03
-1.153253561020145526e+03
-1.395003820660376959e+03
-9.105805220147514092e+02
-1.560648044817223536e+03
-1.080024128794626449e+03
-1.677551813636563566e+03
-7.741120032517109166e+02
-1.329262881780615317e+03
-1.169041011667489329e+03
-1.570636455821432037e+03
-1.087826559945068539e+03
-1.759338924982376511e+03
-1.776916416172682830e+03
-1.459332374314356912e+03
-9.319022663500385306e+02
-1.325306619107336701e+03
-1.566851202990290858e+03
-1.151750263119455894e+03
-1.324541040050497713e+03
-1.322745586227870035e+03
-1.040012700372622248e+03
-1.380629961796276575e+03
-1.548867292981061155e+03
-1.183632879941728106e+03
-1.299224074825264552e+03
-1.372739659819702638e+03
-1.696927685813182052e+03
-1.789678411256100617e+03
-1.797759350411135301e+03
-1.273840804760352057e+03
-1.277568542381340421e+03
-1.074523587159646013e+03
-1.399196628720336548e+03
-1.102395689838547696e+03
-1.266395237921485432e+03
-1.523194098480921184e+03
-1.155446815168964577e+03
-1.337875444488239282e+03
-1.333808172972187322e+03
-8.051377259275768665e+02
-1.331585851463436484e+03
-1.167354029253649287e+03
-1.647748431953968975e+03
-1.062868807418901724e+03
-8.983062459682118970e+02
-1.265069346885634332e+03
-1.272109552247673946e+03
-1.073593174637886023e+03
-1.122150367408343982e+03
-1.657235046508178357e+03
-1.335635261311737850e+03
-1.491456427290424244e+03
-1.336036428689817058e+03
-1.308961687554584387e+03
-1.383038350868478574e+03
-1.185066095200166046e+03
-1.407327564658897700e+03
-1.064959408337278091e+03
-1.738577155951634040e+03
-1.439742866688025060e+03
-1.137019346661380951e+03
-1.134408932770190631e+03
-1.025036100082220855e+03
-1.159889855821449601e+03
-8.141092873967953665e+02
-1.169151582174955138e+03
-1.180074522517044443e+03
-9.019605422644013970e+02
-1.183614089830802413e+03
-1.169079712929204561e+03
-9.128055729736222474e+02
-1.576881157097520145e+03
-1.637986974082906045e+03
-1.639518292076952321e+03
-1.405042399837165476e+03
-1.551627045697538733e+03
-7.423517342037415574e+02
-1.559827357785834465e+03
-1.255456763800806812e+03
-9.677141433250318414e+02
-7.549184716334691529e+02
-1.197627473197388099e+03
-1.493328142113131207e+03
-9.403410463869294063e+02
-1.114200041634081117e+03
-1.295479872894060463e+03
-1.835201537194176581e+03
-1.569558856140467242e+03
-1.510183186719744754e+03
-9.661423044581376871e+02
-1.415796065491871104e+03
-1.595570345777514376e+03
-9.628908562352120271e+02
-1.186539425052355909e+03
-1.175119883220670090e+03
-1.078448064683431994e+03
-1.050453644943398785e+03
-1.075848963962653670e+03
-1.208868397802496702e+03
-1.483402664373639936e+03
-1.149839260415457147e+03
-1.048276334067588778e+03
-1.353739748933256806e+03
-1.445861084248861516e+03
-9.645455495812173012e+02
-1.411414561251960095e+03
-1.138534885843454731e+03
-1.302616732903887396e+03
-1.204786829494950098e+03
-1.679572245435913828e+03
-8.941528481236598509e+02
-1.192127916057428592e+03
-1.540938402300985217e+03
-1.074772996210572728e+03
-7.557203264312985311e+02
-1.660535711666727366e+03
-1.634243152723568528e+03
-1.536116453016403966e+03
-1.269021479111005647e+03
-1.298956044390824900e+03
-1.538955321756364128e+03
-1.823542154287996709e+03
-1.168520053831319728e+03
-1.191508646569913708e+03
-1.524003070359150342e+03
-1.673230214588135368e+03
-1.002309885544865892e+03
-1.592378253573989696e+03
-1.037458513075779820e+03
-1.172139986629429359e+03
-1.453388220702068566e+03
-1.177022129627146796e+03
-1.401360453471938399e+03
-1.243562013081130090e+03
-1.167083140458582420e+03
-1.572090582021825639e+03
-1.176679255547383946e+03
-1.674810151222992090e+03
-1.306268000388597557e+03
-8.866144555905590323e+02
-1.236166026254566532e+03
-1.566881585547881286e+03
-1.339510946749949881e+03
-1.615167421914103898e+03
-1.303166140286453810e+03
-1.070582370756608498e+03
-9.827908978338979296e+02
-1.415246664267159758e+03
-1.521971331239966275e+03
-1.431939133261594407e+03
-1.121571443882572794e+03
-1.657048211011831881e+03
-1.338450438138005893e+03
-1.541251436580557538e+03
-7.467704380597804175e+02
-1.170779636783620845e+03
-1.753245051724526320e+03
-1.792033628466738719e+03
-1.614810786709000695e+03
-1.159623587938125411e+03
-7.789970519132273239e+02
-1.071138449791888661e+03
-1.165729208938166721e+03
-1.417830546052631689e+03
-1.167923721358367402e+03
-1.473585358802959718e+03
-1.448546027393009581e+03
-1.066090454135851132e+03
-1.165062135142873785e+03
-1.208716827190514095e+03
-1.827765636133299722e+03
-1.438139023985628000e+03
-1.254886056706535101e+03
-8.576926103758323734e+02
-1.593926521125175668e+03
-9.265420543161114892e+02
-1.454867429716069864e+03
-1.635500712991248747e+03
-1.697291573389755968e+03
-1.645765141133978204e+03
-1.353332793217149856e+03
-1.449457386681540356e+03
-1.355941044911845211e+03
-1.400214769400064142e+03
-1.529600269864530901e+03
-8.550410719449935186e+02
-1.326140816136875628e+03
-1.181768955821373311e+03
-1.770770253101100707e+03
-1.809717323002022795e+03
-1.345470319026247353e+03
-1.181230835933167327e+03
-1.122571808096121231e+03
-1.577286276063658079e+03
-1.564362739263061485e+03
-1.524702307473636893e+03
-1.230079627734266069e+03
-1.267916373845574071e+03
-1.445957042944796740e+03
-7.759953073006170143e+02
-1.276533749558950149e+03
-9.618239572026162705e+02
-1.635359118374880609e+03
-1.069429629062650520e+03
-1.515123573666812490e+03
-1.269920286284511803e+03
-9.659067692609718279e+02
-1.162699392763365267e+03
-9.913910815360425204e+02
-1.074661295320909630e+03
-1.358233530974535597e+03
-1.056258116390697751e+03
-1.661640231414739901e+03
-1.172254273563025663e+03
-1.622845630293129261e+03
-7.571282157617746407e+02
-1.747650877551444864e+03
-1.542570489940590278e+03
-1.068542260642231668e+03
-1.302495722435043490e+03
-8.743118989883714676e+02
-1.426368172761031474e+03
-1.203189658506843216e+03
-1.175458660720349371e+03
-8.253406457272321859e+02
-9.315278454146226750e+02
-1.274312515917332803e+03
-1.630993887884587821e+03
-8.740537616221259896e+02
-9.357184831320399780e+02
-8.095381580769658285e+02
-8.511101458783638236e+02
-1.261570461132085939e+03
-1.118176811182132724e+03
-1.412442144432304303e+03
-1.540006615318206286e+03
-1.173687023646537909e+03
-1.239644846000885082e+03
-1.099310720079922703e+03
-1.880537668971847324e+03
-1.294905503950543334e+03
-9.010139277065609349e+02
-1.171530336479712560e+03
-1.787047235656384828e+03
-1.636174429594687126e+03
-8.592519838711505145e+02
-1.681543522126309426e+03
-1.152168430181492113e+03
-1.315996821287688590e+03
-8.629351330342252595e+02
-8.807057916749374726e+02
-1.251190300571627859e+03
-9.116086355434470079e+02
-1.461673564766276286e+03
-9.235233669703362693e+02
-9.237514302164482842e+02
-1.408789612879782453e+03
-1.166424183505933570e+03
-9.684783695575056299e+02
-1.492717925769893554e+03
-7.598352590514532494e+02
-1.068094099681680291e+03
-9.900226197826017369e+02
-1.034681058838497620e+03
-9.697495375566537632e+02
-7.613692068404561724e+02
-1.013202831499239096e+03
-9.147347298092720393e+02
-9.124484890783709261e+02
-1.431714609228205063e+03
-8.428402912283206661e+02
-1.831553011834801282e+03
-1.584822340503095575e+03
-1.248226798298596123e+03
-8.832895835650997469e+02
-9.519001666630324507e+02
-1.774007944432596105e+03
-1.625885880093155720e+03
-9.146952755543527473e+02
-9.918751834421116200e+02
-1.000006340215628370e+03
-1.002067351161823581e+03
-9.390540766165761397e+02
-1.668745031367154297e+03
-1.253641989250269717e+03
-1.012899996868967492e+03
-1.283743207117930751e+03
-7.807916317425462012e+02
-1.074216426493913104e+03
-1.362494279904259201e+03
-1.069883336766760522e+03
-1.152639376030202129e+03
-1.544083440029188978e+03
-1.416712568384867836e+03
-8.690379513125179756e+02
-9.834827714190985262e+02
-1.324676008087501714e+03
-1.068590170995616973e+03
-9.107874825501249916e+02
-8.872635069014164628e+02
-1.814533066941637571e+03
-1.157584210321231467e+03
-1.423482995651039118e+03
-1.431757261620733743e+03
-1.294631003673740224e+03
-9.642259604536702682e+02
-8.794851208810439402e+02
-1.013397587008247569e+03
-1.009066558519648765e+03
-9.512474762297558755e+02
-9.700351706818837556e+02
-1.459497493178069817e+03
-1.391315275018344437e+03
-1.030049988071913504e+03
-1.069893894592963761e+03
-9.744344624385412317e+02
-9.930231501056683783e+02
-7.585153657312470159e+02
-9.150745671735140832e+02
-1.664018977448794658e+03
-1.408803002601224080e+03
-1.700616077211032689e+03
-9.053228083346715493e+02
-8.927783964426880630e+02
-9.921119374156654658e+02
-1.603319777830729208e+03
-1.467834016280214882e+03
-8.139401672669216623e+02
-1.562683047620862453e+03
-1.300811117159928926e+03
-1.708536266584005489e+03
-8.843572249500484759e+02
-1.569598543319917781e+03
-8.317005361288865970e+02
-1.372515920285929724e+03
-8.708183764020674289e+02
-8.588302357107542093e+02
-1.376962591325641824e+03
-9.696973896301444711e+02
-1.061702417321422217e+03
-1.169490612563140303e+03
-1.780393027986139714e+03
-1.482949730452946142e+03
-1.109838822426639581e+03
-9.522685643587602726e+02
-1.602902052871782871e+03
-9.780510603008690396e+02
-9.633066536972628455e+02
-1.017014258950871181e+03
-1.073094799999405041e+03
-1.714992422390692809e+03
-1.774572432270362469e+03
-1.450338498855805483e+03
-1.678903177333945450e+03
-1.311424744425864901e+03
-1.465047731747507214e+03
-1.386202321472509993e+03
-1.306152875011003289e+03
-1.336504797913975835e+03
-1.120609717516130786e+03
-1.220510741909834906e+03
-9.102669603005680301e+02
-8.841451498581307078e+02
-9.082565544185321187e+02
-9.722782394630514773e+02
-9.097378315835430840e+02
-1.065798385026876758e+03
-1.167988161049845985e+03
-1.691430719660874047e+03
-1.166371332909805460e+03
-9.403040814048173388e+02
-1.641743746963651802e+03
-1.455360806957437489e+03
-1.273407313274808303e+03
-1.764947963323734029e+03
-1.419036532744371016e+03
-1.303778482376981401e+03
-1.447405153609113313e+03
-1.302053610144253298e+03
-1.373114506386115409e+03
-9.407965980107360338e+02
-7.720447382478218969e+02
-9.315586017679307815e+02
-9.376957844026878774e+02
-1.200338687565305463e+03
-1.499722827857297489e+03
-1.030894471220076412e+03
-1.698443033094804150e+03
-1.519205388490425094e+03
-8.838974874864578624e+02
-1.390755237868294898e+03
-1.658229193477209719e+03
-1.377789874951208276e+03
-1.788980383066700597e+03
-9.192174006926151151e+02
-1.556520695197958275e+03
-8.901497287074463429e+02
-8.624746162502082143e+02
-1.000347175464831480e+03
-1.484602831435387998e+03
-9.006940870021269347e+02
-9.673426912094595309e+02
-9.943559056679986270e+02
-1.523303135273746193e+03
-1.162766239503218003e+03
-8.844148177947097338e+02
-1.048099735932451722e+03
-1.643544695995502025e+03
-1.334640015288752238e+03
-1.487577637678172323e+03
-1.188263806932920261e+03
-1.153721696318094700e+03
-1.070748360481329883e+03
-1.221571437240374280e+03
-1.548082155977106140e+03
-9.736629547647745540e+02
-1.794645235962508650e+03
-1.141362154432634952e+03
-1.263903142629760850e+03
-1.310631544198838583e+03
-9.949379849873963622e+02
-1.150944245309709686e+03
-1.071600576769386180e+03
-8.518026776005328884e+02
-1.167277407391455199e+03
-1.563278335605358052e+03
-1.037567485682335018e+03
-9.715432152760323561e+02
-1.724712994157014691e+03
-1.000045085167119169e+03
-1.506807482091392785e+03
-1.695836902530902080e+03
-9.660319067445536803e+02
-9.522452630028793692e+02
-8.901061577505115565e+02
-9.034435465718910336e+02
-7.355850438592713090e+02
-8.299316854016784646e+02
-1.714873413026322851e+03
-8.800753349834559458e+02
-1.159535533166010509e+03
-8.562017705166250607e+02
-8.541458177084091403e+02
-9.917133020778683203e+02
-1.725371458220136219e+03
-1.531074103070909132e+03
-1.292871651074810870e+03
-1.177176492950326974e+03
-1.075277050779980300e+03
-1.686647849445200336e+03
-1.411777807218616772e+03
-1.164982964487179061e+03
-8.582428581125470828e+02
-1.103804690474696827e+03
-8.741644910076042834e+02
-1.053676662851640231e+03
-1.237137941103374033e+03
-1.314547384170513851e+03
-1.083685713157463852e+03
-1.526626914114610372e+03
-1.110803195634888425e+03
-1.070623528762780552e+03
-1.173927216974732801e+03
-1.081080914038842593e+03
-1.483174521484101888e+03
-9.802993160804030595e+02
-7.598710255704255587e+02
-9.750916595576441068e+02
-1.496796649285899548e+03
-8.741922683102932297e+02
-1.305878140132358340e+03
-1.170471044080451520e+03
-8.881892435459637909e+02
-1.421166277021774022e+03
-8.374070327124139794e+02
-1.875379125339109123e+03
-8.765888448096170578e+02
-8.537820033151583630e+02
-7.981716534967931693e+02
-8.639132325293819576e+02
-1.289098678375185500e+03
-1.541509619745645750e+03
-1.522326872643925753e+03
-1.469177671562532396e+03
-1.116529708001015706e+03
-1.710969130396611490e+03
-1.056361793221951302e+03
-8.532181522455683762e+02
-8.593170489371301528e+02
-1.683711819684541069e+03
-8.837426740201022994e+02
-1.167978992052490867e+03
-8.655245132519963818e+02
-1.665255098471637666e+03
-1.370392616187513113e+03
-9.062689572523115658e+02
-8.000018998041495024e+02
-1.289235861313196438e+03
-7.587985215146693463e+02
-9.148843961528644968e+02
-9.664846217973657758e+02
-8.952649837138524163e+02
-1.067815981159441890e+03
-1.675017519095395983e+03
-1.441689914868240294e+03
-1.605250559012979238e+03
-1.257900173099792255e+03
-1.819703668515627214e+03
-1.071540475096297996e+03
-1.439779573415112736e+03
-1.625940907569042110e+03
-1.491340480626617591e+03
-9.547699978099136615e+02
-1.382902226823804995e+03
-8.825413820253739914e+02
-8.898977911873250832e+02
-1.714524855174051936e+03
-1.539371236663835134e+03
-1.110017847600891173e+03
-1.667488191008867943e+03
-1.373344442529414209e+03
-1.412754246842301882e+03
-9.898727192039499414e+02
-1.768102534971125351e+03
-8.752540382495714084e+02
-1.480070546634638731e+03
-7.629084706464353758e+02
-1.407220405333627468e+03
-1.181242290641933778e+03
-1.449617926347738830e+03
-9.651835365790894912e+02
-9.067578883909817478e+02
-1.802688201401561400e+03
-1.061626049848649927e+03
-1.067074274326875639e+03
-1.756771448848503042e+03
-1.033092792884612209e+03
-1.004320396354064997e+03
-1.663590241519144683e+03
-1.849863955493732419e+03
-1.166981546277188045e+03
-1.399445267291167056e+03
-1.188779422444416241e+03
-1.033545798564842016e+03
-1.813492052498367457e+03
-8.826767568191914961e+02
-9.971168572032939892e+02
-9.595618380945473973e+02
-1.771354690585512571e+03
-1.026274570403176995e+03
-1.446956850575176077e+03
-1.751326629515500827e+03
-1.756355198800033804e+03
-1.328348583017013652e+03
-8.516030305409211678e+02
-1.021016360169673703e+03
-9.659078797300428505e+02
-1.328068915516901825e+03
-8.898000257290780155e+02
-1.178900371491026590e+03
-1.404859003077297302e+03
-8.762671447561535842e+02
-8.875479639300901908e+02
-9.274759712143079469e+02
-8.881185374962581136e+02
-7.636737013822494191e+02
-1.141142508825951609e+03
-1.201228483739346075e+03
-1.015008044581026525e+03
-9.675917452353550061e+02
-1.092069421146110926e+03
-1.585059229451941519e+03
-1.765322582390219850e+03
-1.845596218302137459e+03
-1.181908401360032030e+03
-9.881204741976258674e+02
-1.574236483826174435e+03
-7.684460963704451615e+02
-1.072753851258233908e+03
-1.097011767371452152e+03
-8.343093540203127532e+02
-9.438539335203058727e+02
-1.414272855484378624e+03
-1.546004105978226335e+03
-1.823872997983040705e+03
-9.601754529053306442e+02
-1.134891513341741756e+03
-8.415213222294174784e+02
-1.283115811569744437e+03
-9.648483257584697412e+02
-1.336011298588372256e+03
-1.387547614519316085e+03
-1.837360302517492073e+03
-1.335909601282047788e+03
-8.930074161410083207e+02
-1.554894527360040001e+03
-9.439984285775738044e+02
-8.849064960418857027e+02
-1.402010938906158344e+03
-1.668870335647086449e+03
-9.549555811560885559e+02
-1.069210583442926236e+03
-1.816391307380745502e+03
-1.095402536048501361e+03
-8.527737882468171620e+02
-1.539541436118612410e+03
-1.625701348701960796e+03
-8.765901641121860166e+02
-8.905069200697419092e+02
-1.162982092159252943e+03
-8.952746982982217787e+02
-1.663472544600355604e+03
-7.635304616817364831e+02
-1.373291844510746841e+03
-1.339910460720814399e+03
-1.375785590990692299e+03
-1.413056511828650173e+03
-9.776826767829011260e+02
-1.356700366718240730e+03
-9.471991788132004331e+02
-9.832414354834605774e+02
-8.783599954419931919e+02
-9.674413460963880880e+02
-1.170859856805275058e+03
-8.882126957605350981e+02
-9.849141025618183676e+02
-1.276070454406897625e+03
-9.095602861927884533e+02
-9.615066827719525691e+02
-1.866867734433561054e+03
-1.193374481788143839e+03
-1.461211425894141485e+03
-8.483212628919488907e+02
-8.736459511940769289e+02
-9.113069236795547567e+02
-7.441736410836603000e+02
-8.605396041932441449e+02
-1.308827768631774234e+03
-1.181733500721418068e+03
-1.269222466108840763e+03
-1.068626269051406325e+03
-9.477411685991251034e+02
-1.299344858849579850e+03
-1.422197410699170860e+03
-1.520355055283945148e+03
-7.719841482622791773e+02
-9.141404418437532513e+02
-1.085987335343356790e+03
-1.079799302328362728e+03
-1.397046859138428545e+03
-1.564869011347198693e+03
-1.574924239687220734e+03
-1.421224962472147354e+03
-8.979770744736924826e+02
-9.630139207590888191e+02
-1.545745352290980236e+03
-1.042512788583366500e+03
-1.003129899906839910e+03
-9.682452914062903346e+02
-1.785111338307094002e+03
-1.791088262207312710e+03
-7.616198210230942323e+02
-7.868132639344518111e+02
-1.543250741302895904e+03
-1.516616953221857329e+03
-8.881259412547575494e+02
-1.680801852303345640e+03
-1.319230788160177099e+03
-9.181711758855442440e+02
-1.162703053631836838e+03
-1.462654786359044692e+03
-9.685795414986913556e+02
-1.258959983843976715e+03
-7.754960174165140643e+02
-1.745391034695361441e+03
-1.065053884793491306e+03
-8.325761003099984237e+02
-9.727556387848485429e+02
-8.434134247536642306e+02
-7.731608329997114879e+02
-1.136569904471262362e+03
-1.177886590014545163e+03
-1.332743543824262133e+03
-8.657770412834231593e+02
-1.484165815444465352e+03
-1.317823648976082495e+03
-1.259313722585201731e+03
-9.730912770237412133e+02
-1.070202118044066083e+03
-1.114106338456941330e+03
-8.946416711087053955e+02
-1.070225388963680189e+03
-1.106129386850588844e+03
-1.430575204086914027e+03
-7.495782992251319001e+02
-1.159564028364121896e+03
-9.899792969389247901e+02
-1.001478719487084959e+03
-8.600715020105141093e+02
-9.062558437814483341e+02
-1.171626325264724301e+03
-8.881787871129532732e+02
-1.695196355158321239e+03
-9.719734255348306533e+02
-7.577157598221025410e+02
-1.376975799309434706e+03
-1.063270544976813881e+03
-1.469532843833053448e+03
-1.407040579669437875e+03
-1.784658493736704486e+03
-8.975030695967890324e+02
-1.648618905432979545e+03
-1.596015855736128287e+03
-8.859046089557482446e+02
-1.202548431371941433e+03
-1.683994952596126495e+03
-1.159053298278982538e+03
-1.069583778260571535e+03
-1.176042000725701200e+03
-1.132099523511041752e+03
-1.337923218469576796e+03
-1.572410644120695451e+03
-1.717981289671352897e+03
-1.027869722669553539e+03
-1.496011978234929302e+03
-1.714913832509005715e+03
-8.687593254399811258e+02
-1.749402829853022240e+03
-9.419384688345521681e+02
-1.019032024044006334e+03
-1.653773860247200901e+03
-8.915615298305148144e+02
-1.772301782547543098e+03
-1.039577511629418723e+03
-1.047744156152734149e+03
-1.330259135115470372e+03
-9.523794988418334242e+02
-1.717345815219640599e+03
-1.565400116296365468e+03
-9.719508254022025540e+02
-9.657769740243414844e+02
-1.497420851354673005e+03
-1.478926687917516801e+03
-9.943180593765200683e+02
-1.210100265600874764e+03
-1.773093851100966049e+03
-7.656118243739347236e+02
-7.388414099590864907e+02
-9.824081259405131732e+02
-1.745307069259038144e+03
-1.293837098253665772e+03
-1.068043532378614145e+03
-1.067948241820457497e+03
-1.306802067186231625e+03
-1.065887812183568712e+03
-1.010910020081714492e+03
-1.466198243023867690e+03
-1.298866090039407027e+03
-1.016681252798954688e+03
-1.020734306064720840e+03
-1.853135650545978024e+03
-1.531672012334062856e+03
-8.721050276988817131e+02
-1.391499700398130244e+03
-8.592667390428173348e+02
-1.300797757754143731e+03
-1.126172201790206827e+03
-1.154761555710978428e+03
-1.164135870139383087e+03
-1.389386117202673404e+03
-1.099586638585036553e+03
-1.177509148951865427e+03
-1.304139119548348617e+03
-1.290326215466084705e+03
-1.376795799283365795e+03
-1.705692593423553944e+03
-1.382665435308942278e+03
-1.346725443948501152e+03
-8.940523583015655049e+02
-1.283269636358667185e+03
-1.485401687787197034e+03
-1.849421207387435288e+03
-1.028576128320708449e+03
-9.211122201543737447e+02
-1.229477005731028839e+03
-1.304004996564115800e+03
-1.499034379370665420e+03
-1.094389206048579126e+03
-8.935237029166499951e+02
-1.173856619674055310e+03
-1.070955600609237308e+03
-8.598955837154534265e+02
-1.071541125411239364e+03
-7.450436104689354124e+02
-1.680636565197005893e+03
-1.069489081040421979e+03
-1.172303961074811923e+03
-1.492509199802405192e+03
-7.512296478325459930e+02
-1.218486652562245126e+03
-1.265867213739553108e+03
-8.856283987436623875e+02
-1.521438926100146773e+03
-1.492016161489166052e+03
-1.820667567214459950e+03
-1.305001344011840501e+03
-1.652285648452759688e+03
-8.823937865373230807e+02
-1.069850980672797505e+03
-1.149292391092003754e+03
-1.353311033924256662e+03
-9.019643485172117607e+02
-8.198523386318147459e+02
-8.629576612006550249e+02
-1.221172842059660525e+03
-1.510017197864585796e+03
-1.808094506646070840e+03
-1.294901417184187267e+03
-7.779717147602536897e+02
-1.792273660871326683e+03
-1.502324404790014341e+03
-1.648685775614392014e+03
-1.570079027769794038e+03
-1.405734684554304067e+03
-1.502853640528257529e+03
-1.041374049140329362e+03
-1.069589057595873783e+03
-9.475210655829682764e+02
-1.389019395000613940e+03
-1.415045431730169639e+03
-1.510881082174835001e+03
-9.569615003564088056e+02
-1.391848482848419962e+03
-1.481973955049448932e+03
-1.087996140462409357e+03
-1.095996044713239598e+03
-9.516243710448228512e+02
-1.469595893800785461e+03
-1.491488481978922209e+03
-9.797666982948555869e+02
-1.087590203560910822e+03
-1.173239835331256245e+03
-1.281521676243796492e+03
-1.106986310426916134e+03
-1.173308941106922475e+03
-1.072618308300717899e+03
-1.665756359551411833e+03
-1.316077404462546383e+03
-1.046943283983920992e+03
-1.810842418453346454e+03
-9.580433700201335796e+02
-1.314087568863330489e+03
-1.239940094318034198e+03
-1.054230870796840009e+03
-1.311165484475219046e+03
-1.210142365992257282e+03
-1.069407806369232731e+03
-1.042600468833188870e+03
-1.451461555600606289e+03
-1.481106363601359817e+03
-1.330083265814544802e+03
-1.019458344562670050e+03
-1.694497060307144693e+03
-1.702806056666332097e+03
-1.033263901532078989e+03
-1.496607249539401437e+03
-1.043608409840104059e+03
-1.578576800513076932e+03
-1.328300044248963331e+03
-9.941155400953027765e+02
-1.178894720415705251e+03
-1.856545219346424346e+03
-1.361389485495101781e+03
-1.737441550178182979e+03
-1.145553568513169012e+03
-1.089409165482861454e+03
-1.327137581643664589e+03
-1.463266186545717801e+03
-1.471158975460068405e+03
-1.031036091970148618e+03
-1.204264275476401508e+03
-1.175793169132461571e+03
-1.063095676376811525e+03
-1.434139089827293901e+03
-1.173247539312412528e+03
-1.435553390180459473e+03
-1.487308686178127118e+03
-1.051688357282414700e+03
-1.059927325683778690e+03
-1.004439859008487360e+03
-1.137180244360245524e+03
-1.825837700807049259e+03
-1.184875980498026593e+03
-1.505148065915159350e+03
-1.638472402233142702e+03
-9.829869558306558019e+02
-9.088314689969082565e+02
-1.639718593435071625e+03
-9.931768050708955116e+02
-1.399299569681282946e+03
-1.700448987693365552e+03
-9.648888344471346272e+02
-9.508556652066663446e+02
-1.503676308815102857e+03
-1.100401670241448528e+03
-1.071712396442567524e+03
-1.162787101768158209e+03
-1.599590949103362846e+03
-1.035311861809014772e+03
-1.634498358996093430e+03
-8.994509096586342594e+02
-1.588777746893938684e+03
-1.061090920536488511e+03
-1.267185661626349429e+03
-1.069455900855931759e+03
-1.286914008077191511e+03
-9.610448413211521483e+02
-1.431447842817027322e+03
-1.545299501743133078e+03
-9.825062085664698088e+02
-1.160063455918203545e+03
-9.629672823686638594e+02
-1.646478819234758703e+03
-1.059012794066608194e+03
-9.670855250608982487e+02
-1.780940049184913505e+03
-1.053487180260715832e+03
-1.012745080547760608e+03
-1.728383860988690230e+03
-1.069588448108321927e+03
-1.156222979463756246e+03
-1.039348702370365800e+03
-1.071364124800350282e+03
-1.064458840617560327e+03
-1.460597330602628062e+03
-1.076682597539384005e+03
-1.051376265260413902e+03
-9.016804815068821881e+02
-1.171632714657233919e+03
-1.129065146501135814e+03
-1.782510237457762514e+03
-1.082298845147289285e+03
-1.284329787758208795e+03
-1.426917131814309414e+03
-1.174951634143534420e+03
-1.203830411928789772e+03
-1.295864253423856781e+03
-9.684673276940715141e+02
-1.049235272253765970e+03
-1.298620784345186394e+03
-1.052060225786628052e+03
-1.727911711940121450e+03
-1.071476962267729732e+03
-1.186276791634649953e+03
-1.161618625553296170e+03
-1.097746843909499830e+03
-1.176350356365452853e+03
-1.764349139250461576e+03
-1.161637565471198968e+03
-1.390836166226464002e+03
-1.013924699613060852e+03
-1.026018513127429969e+03
-1.163305218479139057e+03
-1.069230805090127888e+03
-1.094892171528927747e+03
-1.123583462381624031e+03
-1.507290804435916243e+03
-1.165471106347218210e+03
-1.793283498459432622e+03
-1.060540728200079911e+03
-1.054858677422686469e+03
-1.148530703773701134e+03
-1.251894613519611767e+03
-1.161181381634800346e+03
-1.141682753055868488e+03
-1.148870062965968145e+03
-1.647578874901623067e+03
-1.272235650292719811e+03
-1.190830631554533284e+03
-1.199687489613338130e+03
-1.648213179161891048e+03
-9.520538561619686106e+02
-1.058170300568958510e+03
-1.164906650981347411e+03
-1.262530169359692081e+03
-1.349773846842557759e+03
-1.321784805064096645e+03
-1.579991741858444584e+03
-1.226415955449815328e+03
-1.054111814363737722e+03
-1.466492121464059892e+03
-1.173450604598942164e+03
-1.344487978665896435e+03
-1.296953235698740173e+03
-1.580985457123653077e+03
-1.085241655735630047e+03
-1.208720575440984021e+03
-1.352930865339502816e+03
-1.164166988023633849e+03
-1.449752896695301160e+03
-1.162977709758279161e+03
-1.511024727444620794e+03
-1.334160636574400087e+03
-1.831305916743512171e+03
-1.545582258073123739e+03
-1.053641910414127551e+03
-9.806182203858299999e+02
-1.000675549206106325e+03
-1.093101543498642059e+03
-1.588036523562180037e+03
-1.457968663363995347e+03
-1.813870074712171117e+03
-1.058012587202459827e+03
-1.477561270275574998e+03
-1.021439116754151655e+03
-1.370082572507736359e+03
-1.190213745717575421e+03
-1.091973618454287816e+03
-1.202465964716782992e+03
-1.475054901171562733e+03
-1.031155386633786748e+03
-1.202887493008349566e+03
-1.172203441770477639e+03
-1.038743551906492485e+03
-1.151084907523063748e+03
-1.062961273461063229e+03
-1.306479072441982225e+03
-1.598996785582229677e+03
-1.184764305327677675e+03
-1.196173665201454924e+03
-1.355867634850055310e+03
-1.037309784276344544e+03
-1.089518296243527629e+03
-1.825929128571501678e+03
-8.973205496826519720e+02
-1.310286789339800407e+03
-1.052294485527733286e+03
-1.202608458590602368e+03
-1.064312939165421540e+03
-1.081921592494271863e+03
-9.037626461184278241e+02
-1.141235258836537469e+03
-1.293575331082609409e+03
-1.137045008547521547e+03
-1.147138403645987410e+03
-1.593920992079383268e+03
-9.982136633467335969e+02
-1.103335262920666992e+03
-1.760467594677480747e+03
-1.323165283221136633e+03
-1.306547509675151787e+03
-1.106672769484260016e+03
-1.273585437606458299e+03
-1.711644943318038486e+03
-1.037382144661953816e+03
-1.027278027734085299e+03
-1.554655175373014117e+03
-1.290807092507958714e+03
-1.391883002955511301e+03
-1.091643600561038511e+03
-1.130593470415052025e+03
-1.161332160426640712e+03
-1.530077929477337875e+03
-1.212850978580052924e+03
-1.440791354942424960e+03
-1.168713142200286711e+03
-1.041227068981474986e+03
-1.084539015896834826e+03
-1.683188773301210404e+03
-1.165110753099915883e+03
-1.123875703629738837e+03
-1.123507092429020531e+03
-1.554794655779562390e+03
-1.165263997406696717e+03
-1.215797221773049159e+03
-1.623823873428862498e+03
-1.549454780636209080e+03
-1.069478394197681610e+03
-1.165588752052133714e+03
-1.525216443405725386e+03
-1.469628582238120316e+03
-1.036991941265063815e+03
-1.524293517824331275e+03
-1.158709188950282169e+03
-1.523126341145269862e+03
-1.056824592900012476e+03
-1.029202333072496003e+03
-1.031475249016854377e+03
-1.088402144004837737e+03
-1.719524849992916415e+03
-1.180947436760074652e+03
-1.681714058326467239e+03
-1.537825227340992342e+03
-1.053474371463697707e+03
-1.047742770578099453e+03
-1.205598131906927847e+03
-1.048748182159125008e+03
-1.079896113852381859e+03
-1.143010551164244816e+03
-1.212892531154262997e+03
-1.071872591326149404e+03
-1.057509030227151015e+03
-1.181266769549068613e+03
-1.094037052676092799e+03
-1.067432188273218117e+03
-1.291768702916703432e+03
-1.021276434507458248e+03
-1.168693925795099403e+03
-1.075145139374888004e+03
-1.655549096421473905e+03
-1.423998477146413052e+03
-1.266428828653610481e+03
-1.023688854936828193e+03
-1.520321524814257600e+03
-1.121802411193220678e+03
-9.997373938270458211e+02
-1.070468746526185669e+03
-1.139883068437444990e+03
-1.041730210314010719e+03
-1.458409849956587095e+03
-1.575828435862569904e+03
-1.079470437936648295e+03
-1.792471048721657553e+03
-1.466390991919975932e+03
-9.921278501041533673e+02
-1.179480429260718893e+03
-1.197032303520111782e+03
-1.104517409453869504e+03
-1.042023421588463179e+03
-1.034095540621465943e+03
-1.045562633052482397e+03
-1.152679982402165479e+03
-8.682070101396809605e+02
-1.528985369378019186e+03
-1.020547931064631484e+03
-1.076540015370289666e+03
-1.108893824235224656e+03
-1.296180953623022106e+03
-1.052326940045082893e+03
-1.210664299894366195e+03
-1.157345249438854580e+03
-1.657802988749877386e+03
-1.184350706899211900e+03
-1.530233163351540952e+03
-1.102049867271724906e+03
-1.027194143058173495e+03
-1.180949623630519227e+03
-1.108233113724870918e+03
-1.181849030893517238e+03
-1.176641263660515506e+03
-1.194237603120059703e+03
-1.130238079839785314e+03
-1.536443754201755155e+03
-1.052820035927012668e+03
-1.080338852191426440e+03
-9.573678384425222703e+02
-1.276601000558000351e+03
-1.026521929644125748e+03
-9.541630752009731395e+02
-1.187085453886322284e+03
-1.088218965874897094e+03
-1.177297546299055739e+03
-9.257647667718978255e+02
-1.021800927783362908e+03
-1.310586720090254630e+03
-1.181136839067642541e+03
-1.272593492584366686e+03
-1.039916908643964234e+03
-1.032884832002960138e+03
-1.161230267457648324e+03
-8.877950546719520162e+02
-1.596907529133479784e+03
-1.064195158782185899e+03
-1.004226084332329833e+03
-1.802016178450365942e+03
-1.003751422989596222e+03
-1.474065178548871472e+03
-1.212827086435793262e+03
-1.064552099462702699e+03
-7.624745195164222196e+02
-9.026054114435943347e+02
-1.052522668518759929e+03
-1.160810550939178256e+03
-1.343473749557164638e+03
-1.100878319937271726e+03
-1.387548183623767727e+03
-1.058629977923501883e+03
-1.059086113508094968e+03
-1.124704533374796711e+03
-1.061236902616603629e+03
-1.597630685778274938e+03
-1.094118791444064982e+03
-1.322795492316754007e+03
-1.076232797260272946e+03
-1.329796880723616368e+03
-1.201628223021730037e+03
-8.876929209502380900e+02
-1.048128225668171353e+03
-1.490793676872822289e+03
-1.206273676950013396e+03
-1.077766105791368545e+03
-1.092987420449182082e+03
-1.087242170639657388e+03
-1.476647773880676823e+03
-1.068593916538105759e+03
-1.147346299252781591e+03
-1.059227395138215115e+03
-1.030083543125251481e+03
-1.035951352376964678e+03
-1.499650740227152710e+03
-1.747150392187185162e+03
-1.128373789436438301e+03
-1.110466113655405479e+03
-1.170375512274879156e+03
-1.025799704864323076e+03
-1.175272907933118404e+03
-1.307507096466698840e+03
-1.533971628191316995e+03
-1.111422952771775954e+03
-9.846672531018550671e+02
-1.161559705689398243e+03
-1.191412792772642206e+03
-1.057975294908501837e+03
-1.464735714621896477e+03
-1.051407526212683251e+03
-1.195252529999705757e+03
-1.169436975203659586e+03
-1.037430664055029183e+03
-1.137154892136678200e+03
-1.251052879827451761e+03
-1.140191694514485107e+03
-1.044738232774657490e+03
-1.158874917029157587e+03
-1.360039104702612576e+03
-1.070098788470251066e+03
-1.422450828837118934e+03
-1.134028645463124121e+03
-1.179545964469191176e+03
-1.089506720416330381e+03
-1.078758382412886249e+03
-1.224605229150771265e+03
-1.083075035341963485e+03
-1.035508912077606965e+03
-1.106744223997101699e+03
-9.006327064046442956e+02
-1.394211975879560669e+03
-9.070172305391282634e+02
-1.168288305129096443e+03
-1.321366174308659538e+03
-1.392137084926106581e+03
-1.730058664159291538e+03
-1.065650236936162628e+03
-1.653200130505127618e+03
-1.308324370687301780e+03
-1.002976420117871839e+03
-1.106651898645751999e+03
-1.041437036862163950e+03
-1.020452544201553565e+03
-1.181622159771732186e+03
-1.058070962521492220e+03
-1.039939697971728265e+03
-1.145393248861997108e+03
-1.716674628520729129e+03
-1.052749511924850594e+03
-1.130852572597771768e+03
-1.489071179438150466e+03
-1.316762640620464708e+03
-1.031867368933974376e+03
-1.176247660612451000e+03
-1.533212557250714326e+03
-1.214482631157248079e+03
-1.331854325649136626e+03
-9.715065769216073477e+02
-9.987205598101162423e+02
-1.341982198671238393e+03
-1.290145770422971054e+03
-1.316297733161511815e+03
-1.290344818647665306e+03
-1.052822710470013362e+03
-1.181758500918708478e+03
-1.021860028621936408e+03
-1.080702413676109245e+03
-1.125277214267311365e+03
-1.404755903880635515e+03
-1.172680816729928438e+03
-1.109383057043753752e+03
-1.618925723789593803e+03
-1.123563150695794093e+03
-1.353630623073767310e+03
-1.098565834704101007e+03
-1.343612276542887685e+03
-1.074817255719752666e+03
-9.064315646533835888e+02
-9.974045886460843349e+02
-9.838911081784877979e+02
-1.191469879440418936e+03
-1.208927916072534344e+03
-1.350614373000471915e+03
-1.064188071585811713e+03
-1.183326482180110816e+03
-8.932228941910385629e+02
-1.064779483222472891e+03
-1.045684978407486369e+03
-8.841829638871241741e+02
-1.291273282297560399e+03
-1.573891071083038469e+03
-1.126275201764108488e+03
-1.309314245328259176e+03
-1.048274353998853940e+03
-1.225994429654218038e+03
-1.142968144592594399e+03
-1.067631983542956050e+03
-1.062338063595156427e+03
-1.310488206905748484e+03
-1.631413356650013156e+03
-1.722336219038965510e+03
-1.008890266046787929e+03
-7.422925745103710824e+02
-1.692137826472915322e+03
-1.173432677053030375e+03
-1.178041599508336049e+03
-1.279681995283790229e+03
-1.298947217940367409e+03
-1.357555930131956984e+03
-1.062458484054547398e+03
-1.182024666528923262e+03
-1.057923350103761095e+03
-8.618863930745513926e+02
-9.090053575041893055e+02
-8.920963270636019615e+02
-1.272033147485736890e+03
-9.437131714217869103e+02
-1.042267510895218493e+03
-1.273493998556165025e+03
-1.265150352738746733e+03
-8.644406156397984660e+02
-1.063842246643318504e+03
-1.491268255344120007e+03
-1.704121789196321743e+03
-1.573582196979224818e+03
-1.738364587266806438e+03
-1.287614206736818005e+03
-1.299549484084941923e+03
-1.021133818639714036e+03
-9.259492853809193775e+02
-9.914406044398019731e+02
-1.467458475078307629e+03
-1.054223273262192833e+03
-1.422240748539238211e+03
-1.027945417239254084e+03
-1.411627686531668360e+03
-1.262503041306050136e+03
-1.040213735047057980e+03
-8.832301698676769774e+02
-1.298898637275062129e+03
-1.172917706003616786e+03
-1.436260994409220757e+03
-8.738006567892277872e+02
-7.651141427949008857e+02
-1.174711174884278080e+03
-1.516993171980611805e+03
-1.172685531069936360e+03
-1.200523081572548108e+03
-1.011931027995399404e+03
-8.600306559606655128e+02
-1.249098336523620901e+03
-1.160951762814192534e+03
-1.171982565435159586e+03
-9.080779347234229135e+02
-9.066198323525788965e+02
-1.131279663299420918e+03
-1.667762150379734749e+03
-9.494433569419478545e+02
-1.013760431813478704e+03
-1.768641023535375325e+03
-1.650964585605032880e+03
-1.167885459700773936e+03
-8.529852639176049252e+02
-9.989105195885936155e+02
-1.299317050094235583e+03
-1.082914990175906951e+03
-8.562091696383420185e+02
-1.318401200389322184e+03
-1.077285810486503351e+03
-8.866437673396004584e+02
-1.422132505264114798e+03
-8.955255647309130609e+02
-1.254518583708270398e+03
-1.304571034221059108e+03
-1.266999985406201176e+03
-9.238809233643117977e+02
-9.824055845297217502e+02
-1.289617271838182887e+03
-9.606228922490873856e+02
-9.884332143770674293e+02
-1.199380710202751061e+03
-8.929045822787132920e+02
-8.917723912344018800e+02
-9.769362168626946641e+02
-1.514724262216814850e+03
-1.067676346122657833e+03
-1.602056534518407716e+03
-1.699190426212337343e+03
-1.508001281275438032e+03
-1.180396656048943896e+03
-9.645771695190881019e+02
-8.702537864873809212e+02
-1.311921219446547639e+03
-1.203962426248908059e+03
-1.067895728358949100e+03
-1.020778133182861325e+03
-1.141624792379429209e+03
-1.226071105459820501e+03
-7.527685183521873569e+02
-1.588149202938614962e+03
-8.872293663828215813e+02
-7.781067425569450506e+02
-6.451764347083775419e+02
-9.481824484898493210e+02
-1.067527197282150610e+03
-1.317352203127879875e+03
-8.035487778364926044e+02
-9.164363194342150791e+02
-8.925416618950764587e+02
-1.481083441069921946e+03
-9.752305383362934208e+02
-1.189308132100787361e+03
-1.291713777996785211e+03
-9.016550642919329448e+02
-7.622732543163137962e+02
-1.216788349074975940e+03
-1.714098842867445455e+03
-8.845524640134522087e+02
-9.365710965135961033e+02
-7.274889692971414661e+02
-9.719278442104887290e+02
-9.619345037442608373e+02
-1.433998917941093396e+03
-9.650579673173781430e+02
-1.193677203796651156e+03
-9.560091622260707709e+02
-1.157044150537295991e+03
-1.410367317387268940e+03
-1.086292121518043814e+03
-1.727469049355975358e+03
-7.666167136441598586e+02
-7.671240046680538853e+02
-1.413189695459586119e+03
-1.616866998641479995e+03
-9.357257803054740180e+02
-1.264945488035720700e+03
-8.567360943649415503e+02
-1.018406608672978791e+03
-1.210881751385601319e+03
-1.320787753113247618e+03
-1.630284657726307614e+03
-1.341497514062185928e+03
-9.699795318420295871e+02
-1.653763712327179519e+03
-1.324666873908461184e+03
-9.700792748645462780e+02
-9.821658700533579349e+02
-1.638007931658498819e+03
-7.685694948654290783e+02
-1.286616646635937741e+03
-1.533353737194009682e+03
-6.837214198564657863e+02
-9.119243733732374722e+02
-7.590096005033301481e+02
-1.497302818907532583e+03
-1.026702837630189379e+03
-8.822689776389726148e+02
-1.379471115333969919e+03
-1.683208695115389219e+03
-1.132428911186218329e+03
-9.016414540074272281e+02
-9.654669591351944291e+02
-1.221070355819762199e+03
-7.710556836276292643e+02
-8.221830945369297297e+02
-8.438337667873081500e+02
-1.444061913747186964e+03
-1.485725126996613199e+03
-1.434380198336034027e+03
-9.697424222095161213e+02
-9.057140295026050580e+02
-1.170782471840020662e+03
-1.359054630981133187e+03
-9.697611295283901427e+02
-8.699915815681845288e+02
-1.463576304044336666e+03
-9.699922632747825446e+02
-1.686855083483069848e+03
-1.587722322229407382e+03
-1.643171908771840208e+03
-1.623390469076600766e+03
-1.314938515915483322e+03
-1.066079874005273950e+03
-1.867764936306457230e+03
-1.304978899165727626e+03
-1.726010817988380722e+03
-1.800961961959574410e+03
-1.390019977978639417e+03
-1.049456958888684539e+03
-7.450413723226295133e+02
-9.202264593914165971e+02
-1.423187708976309295e+03
-1.372728667992089868e+03
-1.454928449136167046e+03
-1.573756523804854851e+03
-1.058061905026709837e+03
-8.684303304633548350e+02
-1.170699292819821721e+03
-1.589582175718542885e+03
-1.600301958289872800e+03
-1.358982258121174027e+03
-1.782468748089097517e+03
-1.390520432713816035e+03
-9.256511119631616111e+02
-8.613673638450696899e+02
-1.190235644940676366e+03
-1.043044444916475186e+03
-8.630159529630228690e+02
-1.475533295838720505e+03
-8.533376754180429771e+02
-1.166689830672769176e+03
-8.729734485731291898e+02
-1.830005157240859489e+03
-7.454704709329907928e+02
-1.651312868926301689e+03
-1.170612105335824708e+03
-1.407475814131984635e+03
-1.285240397184127232e+03
-1.641321785894481991e+03
-1.171885843544416957e+03
-1.249602026165586039e+03
-9.122472544007658826e+02
-1.662452490760206956e+03
-9.108170754201095178e+02
-1.063787834069999917e+03
-1.649748336282681976e+03
-1.169249165747521147e+03
-1.074196017202348457e+03
-9.032100907657369362e+02
-1.508043970022084068e+03
-1.068891990924240645e+03
-1.139286834350306208e+03
-8.967151997480585806e+02
-1.485317193999472011e+03
-1.565294122439187504e+03
-1.747105767078787949e+03
-1.179309166695529257e+03
-9.630604910794003217e+02
-1.742796917576722763e+03
-9.683045281978006642e+02
-1.069219671865369946e+03
-1.502810645055312989e+03
-8.798257679267366029e+02
-7.504625394745734184e+02
-9.616324896560299749e+02
-1.370084846106357418e+03
-1.630864616783736437e+03
-1.779738292488139678e+03
-8.496392750472103899e+02
-1.670027165923963594e+03
-1.076350324771926580e+03
-1.238432888884404292e+03
-8.510400459411282554e+02
-1.016429460500477035e+03
-1.236244851787990001e+03
-8.745955073293108626e+02
-8.777425260936519180e+02
-1.561877247612415204e+03
-1.543457816783200542e+03
-1.459217408014791999e+03
-1.072788408634706229e+03
-1.302692496240220407e+03
-1.454135931570720459e+03
-1.644908702552045725e+03
-1.248664653024563904e+03
-8.786398661620710300e+02
-1.038226764146559844e+03
-1.009006420913451734e+03
-1.070908365107502277e+03
-9.821172710094861031e+02
-9.425843429189642393e+02
-9.664234306744310743e+02
-1.364813261409557754e+03
-1.016064251625392558e+03
-1.216024246556072285e+03
-1.584069407734726610e+03
-1.625241859636467780e+03
-1.806272453084400013e+03
-1.204573625246528309e+03
-1.516441598437260154e+03
-1.430244411587146260e+03
-1.037420944266793867e+03
-1.110800619372383608e+03
-1.500849713802742144e+03
-8.813929290177576377e+02
-9.997671723645654538e+02
-8.703817910619076201e+02
-9.646289411203723603e+02
-1.070577933882508660e+03
-1.397265082553766433e+03
-9.615992956000529830e+02
-8.859447870373919613e+02
-1.382296592011435223e+03
-7.525563470994530917e+02
-8.438675754051328113e+02
-1.276749151216000200e+03
-8.697573714676209420e+02
-1.473461772673763789e+03
-7.556426066987456807e+02
-7.564204064514062793e+02
-1.151595571827103868e+03
-1.179367262538606610e+03
-1.281263405579766641e+03
-1.670809566924985120e+03
-1.448064580405406105e+03
-8.585643941800833545e+02
-1.176965840816032369e+03
-9.650994304475392482e+02
-1.271103272727411195e+03
-1.153123789551217669e+03
-1.296869192203567991e+03
-1.298283216777596863e+03
-1.070173813137242178e+03
-8.532770997889466571e+02
-1.170271180023934903e+03
-1.179847376845167901e+03
-9.667063791408501174e+02
-1.167767882156288124e+03
-8.471987217444702765e+02
-1.526179897133770510e+03
-1.763195070037134428e+03
-1.263625229520992207e+03
-1.065919794741766964e+03
-7.626688185432644786e+02
-1.085834952200607631e+03
-1.336061500104579181e+03
-1.206051156407715553e+03
-1.583224718300024961e+03
-7.502312740803781708e+02
-7.022106633839690630e+02
-9.911011977897629777e+02
-1.787552433349083685e+03
-1.196322035160606674e+03
-1.068980809581365747e+03
-1.174392092380405302e+03
-8.827679760974596093e+02
-1.415963686180476316e+03
-1.056654572738134902e+03
-8.763438108015108128e+02
-8.726177502886283719e+02
-1.164284554315273681e+03
-1.078967294070860589e+03
-8.511101519913529501e+02
-1.449238618897319839e+03
-1.250928924093840124e+03
-7.373093515220012932e+02
-1.242451478027439634e+03
-1.531751716164821573e+03
-8.454022286434598072e+02
-8.758525427865354231e+02
-1.065214036841707866e+03
-1.070261373012143167e+03
-9.713628168919206018e+02
-1.276444352358907963e+03
-1.508015769818847275e+03
-7.303773602246094470e+02
-1.066796278351698447e+03
-1.488426862139269588e+03
-1.089722576367964393e+03
-1.312336355201279503e+03
-1.028492414953032721e+03
-1.298748589568592706e+03
-1.287001223142662866e+03
-1.610140453736481959e+03
-1.336557972969851107e+03
-8.545586449134466420e+02
-1.067842215008954781e+03
-7.617380676290666770e+02
-1.566078303936818429e+03
-1.440212714628474941e+03
-1.374322804630938890e+03
-1.541632943404578327e+03
-1.282248726159624312e+03
-1.339494801544861957e+03
-1.667981523425196201e+03
-1.703559925499620704e+03
-1.049464645669255788e+03
-1.796748050074432967e+03
-1.803038791104765096e+03
-1.068883367455983944e+03
-1.317509503898081675e+03
-8.840325759243509083e+02
-1.330429459970806647e+03
-1.621872154432947809e+03
-1.282556597616846375e+03
-1.324649798116110787e+03
-1.074105253278599321e+03
-8.720238835934154622e+02
-1.451913797009786322e+03
-1.004242539265883238e+03
-1.417923816228312944e+03
-1.453996243793753592e+03
-1.136975437596234315e+03
-9.178948963990520724e+02
-1.614789206897708937e+03
-1.039372020841689846e+03
-8.636789729166767984e+02
-1.787035990273394873e+03
-1.330651305166313023e+03
-1.100084355411051092e+03
-8.712464599570221253e+02
-1.637232743888516325e+03
-7.480480108169314235e+02
-9.750520438375351659e+02
-1.332563467800855506e+03
-1.020117174351405993e+03
-1.276729860459138990e+03
-1.357569842291138002e+03
-1.635673454960859544e+03
-8.019098679859176855e+02
-1.074709556246215016e+03
-9.339886971126968547e+02
-1.437071300923123772e+03
-1.261497460888751675e+03
-1.515745855857318247e+03
-7.619627389519945382e+02
-1.801203363439363557e+03
-8.052776899923771907e+02
-1.129445802847878895e+03
-1.160375327844764115e+03
-1.000757338370260413e+03
-1.549571448875877422e+03
-7.442550668395767843e+02
-1.648412215883450244e+03
-1.169120448344398710e+03
-1.007948499958340562e+03
-1.238868924370437071e+03
-1.173641207885671747e+03
-1.660761563492134201e+03
-1.251090216596662003e+03
-1.306157891028393351e+03
-9.895191073908029011e+02
-1.092911662200024693e+03
-1.371711236259653788e+03
-8.653759590684918521e+02
-8.890036697016108747e+02
-1.190974577287183365e+03
-1.187401356957889675e+03
-1.108547541245122602e+03
-1.746492250067466102e+03
-8.958194638237495155e+02
-1.323486822680638170e+03
-8.710501628506896168e+02
-1.470528301206669767e+03
-1.323480739594130682e+03
-1.009444926285687302e+03
-1.261175138368480930e+03
-1.323051325403786223e+03
-8.861257540286301264e+02
-1.481241921948162144e+03
-1.064412871126374284e+03
-1.325400154519212492e+03
-1.276425107259814240e+03
-1.525990661823386972e+03
-1.545407033198285035e+03
-7.620879791165712049e+02
-1.347196817865715502e+03
-8.977297152017393955e+02
-1.391972201492854083e+03
-1.614369911328924900e+03
-1.323027754630455320e+03
-1.419270757251185387e+03
-1.191899714761527321e+03
-9.660976886295092072e+02
-1.069386399531304505e+03
-1.290716553010284088e+03
-7.925779976866596144e+02
-1.303370631082656246e+03
-9.679162459117732169e+02
-1.360390235093681895e+03
-1.704564556044248320e+03
-1.303734903367773313e+03
-8.676989630675578837e+02
-9.437663646718127666e+02
-1.202918630255119751e+03
-7.592455049987833036e+02
-1.176654124213300292e+03
-1.073272391930175672e+03
-1.070408642625156062e+03
-8.947021607263812939e+02
-1.240203287562079822e+03
-1.181161105052043922e+03
-9.349026077736878051e+02
-9.798406271463294388e+02
-1.129511991992136245e+03
-8.573288759195660305e+02
-1.065573777233028750e+03
-1.286848790238390166e+03
-8.473099657457396461e+02
-9.678359337526966328e+02
-1.586791852496693537e+03
-1.477902069429929043e+03
-9.683317055350681812e+02
-1.108300383476488378e+03
-1.142404627367327294e+03
-1.691126328841643726e+03
-1.206518659820763787e+03
-1.267021930378644129e+03
-1.422698034969844002e+03
-1.491912478735482864e+03
-1.541100204564334263e+03
-1.200639990859831642e+03
-1.528193756761599388e+03
-1.101865104181365041e+03
-1.325541064360031669e+03
-1.562781262324167301e+03
-9.681970604545394963e+02
-7.451649905919354069e+02
-1.197370593659245287e+03
-1.286548946815834597e+03
-1.172872766989437196e+03
-1.691546086721813026e+03
-1.396311434934403223e+03
-1.494608990352390038e+03
-1.068271548271765369e+03
-1.069089422495255121e+03
-7.901809726667304403e+02
-9.127734374627542593e+02
-1.163148862511137622e+03
-1.673130124729244699e+03
-9.690259836122540946e+02
-1.570734475062667116e+03
-1.239656976955832533e+03
-1.098926605520477779e+03
-1.175037300795873762e+03
-1.214423924073991429e+03
-1.712570052033979209e+03
-1.495354294726750823e+03
-7.594263839731935377e+02
-1.428191424738160777e+03
-9.587296731658333329e+02
-8.617612297940214603e+02
-1.581744960655143586e+03
-7.713818860831567008e+02
-6.288472310136020269e+02
-1.341774656314782760e+03
-7.638583673573048145e+02
-1.544067358209458234e+03
-9.351488996939308436e+02
-1.448112242714628792e+03
-7.576494648851463580e+02
-1.484934406021748373e+03
-9.690246660693671856e+02
-8.879548099389173785e+02
-1.593482252262220982e+03
-1.186302455447959346e+03
-8.670416484055797355e+02
-1.363691742494446316e+03
-7.802439802478721731e+02
-1.069774701918529672e+03
-1.474321872353407571e+03
-9.892350732031560483e+02
-1.471921477622062866e+03
-7.509363851194683548e+02
-1.110064604463793557e+03
-8.392120507485444705e+02
-1.184503977625764946e+03
-1.403296061176964486e+03
-1.305635689322046574e+03
-1.161100074893608962e+03
-9.383669634920905764e+02
-1.032702637142084768e+03
-7.643693542803456467e+02
-1.526281104635941119e+03
-1.584731088733518391e+03
-8.944843233614652718e+02
-1.055072950265728878e+03
-9.070368670017254544e+02
-9.145909807118083563e+02
-1.322034463713900323e+03
-9.260930580424452501e+02
-8.928947293283506497e+02
-9.675189393548419048e+02
-1.538618920380046347e+03
-1.390641675818825433e+03
-1.347308668858692727e+03
-9.634465773837815732e+02
-1.379485013657325453e+03
-8.786641603398337566e+02
-1.472731736902325792e+03
-1.500167078508848363e+03
-8.645528683030601087e+02
-1.479928792008385471e+03
-1.209161077705628259e+03
-9.699558421901964493e+02
-1.093410003713758442e+03
-1.734236476081104456e+03
-1.285144714740597010e+03
-1.578358048674173233e+03
-8.909519559565513873e+02
-1.389115035960429168e+03
-8.628238197518569450e+02
-1.519308902035086703e+03
-1.470471517310577156e+03
-8.939237830509424612e+02
-8.643501407493682791e+02
-9.790371343992923130e+02
-1.290452972956347139e+03
-1.379452486346603109e+03
-1.168104531931670408e+03
-1.263724178498332094e+03
-1.454138400825366034e+03
-1.136212196340613673e+03
-1.125926961279143597e+03
-1.247382321293178393e+03
-1.169692047531731760e+03
-7.428760796418405334e+02
-9.987290931346856269e+02
-8.689949050940939514e+02
-1.633311404928664388e+03
-7.542356224054838094e+02
-9.819166689966486956e+02
-1.679785019502438445e+03
-1.311044436572107770e+03
-1.135641000780716013e+03
-1.376355895196415076e+03
-1.484729582690210691e+03
-1.792080552386369391e+03
-1.473812915880346509e+03
-9.057898311772544275e+02
-9.888885756263830444e+02
-8.823621543109762797e+02
-1.269086692108828174e+03
-1.614081924527945375e+03
-1.816113535028373690e+03
-1.268402208661460008e+03
-1.172452917637482869e+03
-1.657863087679177397e+03
-1.250494164673338673e+03
-1.617920649046320477e+03
-1.051474028980893081e+03
-1.488037827176337487e+03
-9.042691249729092533e+02
-1.462184347143503828e+03
-1.167040395369401267e+03
-1.168886677364804882e+03
-9.712055462190179469e+02
-1.291558592944320253e+03
-1.720616451474407768e+03
-1.318673518179156645e+03
-1.190867115320834500e+03
-8.745332121801011453e+02
-1.768010098250373630e+03
-8.930030905944718143e+02
-1.306680780242131732e+03
-1.577098349470536959e+03
-1.263969599776810128e+03
-9.892198686424142124e+02
-9.714418697526944015e+02
-8.279271979030258990e+02
-1.504872244902168632e+03
-1.388822093219367389e+03
-1.364315050038026357e+03
-8.714473789068433689e+02
-1.104510503418208827e+03
-8.915231088802865997e+02
-1.764763547996814623e+03
-1.506506197829992971e+03
-6.505421666559382174e+02
-1.275135536558961348e+03
-1.117319912023826191e+03
-1.285935158091878066e+03
-1.578128068418141766e+03
-9.687461915669111931e+02
-1.171787834145870875e+03
-1.291453140206632952e+03
-1.174367014660803534e+03
-1.366760050621296614e+03
-1.166485574858494374e+03
-7.579233916288004593e+02
-1.606627037739891421e+03
-1.377096557516078065e+03
-1.257082052650439891e+03
-1.681823483648332513e+03
-1.566629819862600698e+03
-1.624623155049204797e+03
-9.680607076316482562e+02
-1.272084914908568408e+03
-1.423427093704243816e+03
-8.554807844819459888e+02
-7.515602076106298455e+02
-9.012059320594166820e+02
-9.006423195335630680e+02
-7.557262939512797857e+02
-1.442215744458045037e+03
-1.276210518963168624e+03
-1.276700129486573587e+03
-1.518386585156702495e+03
-9.820053447764240673e+02
-1.499349391734175015e+03
-1.548461362532231306e+03
-7.510998170149255202e+02
-8.414702207601606005e+02
-1.518546769568542004e+03
-1.268488855589019522e+03
-9.780661702893019083e+02
-1.304875732769474325e+03
-1.465906032476685823e+03
-1.139141507938338236e+03
-1.283985559165565746e+03
-1.575537103554088844e+03
-8.974733718164166021e+02
-1.616723881361066333e+03
-1.151374062276937138e+03
-1.515584335978015133e+03
-1.438940569754956414e+03
-1.270805555922823714e+03
-1.161398613904058948e+03
-1.152974897528328029e+03
-7.628090592258116658e+02
-1.624152648590970102e+03
-9.589620133474013528e+02
-1.176757190429153525e+03
-9.681510450764244524e+02
-1.165746628696405878e+03
-1.693793926146125841e+03
-1.541126532373359396e+03
-9.722208992429366390e+02
-1.693559691007303627e+03
-1.287675195100200426e+03
-1.404264795075048141e+03
-1.373349944601026664e+03
-1.416325481510102236e+03
-1.439583978035926293e+03
-1.031381766849896621e+03
-1.510747072724320788e+03
-1.428009471306959767e+03
-9.431730488414591491e+02
-8.979418460303417078e+02
-9.692616950185687301e+02
-9.026318141623240763e+02
-1.435185136434948845e+03
-8.889280700860753086e+02
-7.552551467861866286e+02
-8.510880827904119315e+02
-7.736808991613960416e+02
-1.069037725310686483e+03
-9.206357328083878429e+02
-1.487444051603909429e+03
-1.347355743003997304e+03
-1.067548921672590041e+03
-1.694616705533483582e+03
-1.339571289298853344e+03
-1.574263302752791787e+03
-1.072490533932055541e+03
-8.755566392741823165e+02
-8.972371510390115645e+02
-9.231853098952459504e+02
-7.431564513859135559e+02
-9.759848211105709197e+02
-8.611413677411059098e+02
-1.011979831766687425e+03
-1.045537914972409908e+03
-1.236459358735646674e+03
-1.414714362848543942e+03
-8.630443268649455604e+02
-1.392190137230876189e+03
-1.798907671891965265e+03
-1.024646252551500766e+03
-1.573653599979651290e+03
-1.405345993602230237e+03
-1.781707328165364743e+03
-1.031176196980793975e+03
-1.087788921536160387e+03
-1.461041235269137815e+03
-8.732901683663058066e+02
-8.398147381461029681e+02
-1.320366330837979376e+03
-7.607757027732295683e+02
-9.702227775015678617e+02
-1.689787240741852656e+03
-8.502050069862591499e+02
-9.482539085868687607e+02
-1.314986625204261145e+03
-1.402850938987594418e+03
-8.625295320268470505e+02
-1.255501402369783364e+03
-1.059802738383925316e+03
-1.174077934089838664e+03
-9.627238994922140591e+02
-7.603601546108595812e+02
-1.059815802681726836e+03
-9.191913813205584347e+02
-7.223806190622347003e+02
-9.708189087954912111e+02
-1.601850970517955830e+03
-1.485038626164920061e+03
-1.578105811023295473e+03
-1.480510758947707927e+03
-1.174059660997406581e+03
-1.173353496469699166e+03
-1.011269596254809244e+03
-1.279454098811067979e+03
-1.398959465586432771e+03
-1.691463534834150778e+03
-1.073881060899529984e+03
-1.412754554614871495e+03
-1.370070046273004436e+03
-1.578659471602278700e+03
-1.438477392236594824e+03
-1.171550991294680671e+03
-1.433101275893131287e+03
-1.027925735673424242e+03
-1.407687411742669156e+03
-9.683630177659182436e+02
-1.167805238971305243e+03
-1.749946179728035986e+03
-1.311556521044144120e+03
-1.035958268146663386e+03
-1.628857873793963336e+03
-1.170130332711437859e+03
-1.723484380013458576e+03
-9.153181291384381666e+02
-1.271709854688756423e+03
-9.739743367326597081e+02
-9.140772503357418373e+02
-1.603235570698148194e+03
-1.079092088382298471e+03
-1.593190162849002036e+03
-1.266490539292084350e+03
-9.597279762795013767e+02
-1.117365230262743125e+03
-9.897744637579334039e+02
-1.314630729636962542e+03
-1.501500792499718955e+03
-9.649672595293683344e+02
-8.409189029377790803e+02
-8.825844352907574830e+02
-1.243680628441215049e+03
-9.660071183358380722e+02
-1.176775463409739814e+03
-8.942598661522557677e+02
-8.795164580675580055e+02
-1.433069376141227849e+03
-7.732809194990308015e+02
-8.382879016305032565e+02
-1.002242981719028194e+03
-1.325056668700686259e+03
-8.663548473393071845e+02
-1.305794019866774761e+03
-1.038061260783958915e+03
-1.467962356580133246e+03
-1.008556719407319861e+03
-1.533787844076628517e+03
-9.538493314595903030e+02
-1.292898940491810890e+03
-1.819870258304076287e+03
-1.641255582154710510e+03
-1.347443704993170968e+03
-9.949580196908956395e+02
-1.156416860241802851e+03
-1.013151198804455930e+03
-1.340229310951226807e+03
-1.509116391371512236e+03
-8.974260448663303578e+02
-1.377786628571670462e+03
-9.163512724304802077e+02
-8.865279519099213985e+02
-1.562428780216636596e+03
-1.596245931665987428e+03
-1.208098072814156239e+03
-1.759452759794838130e+03
-1.196542618778927135e+03
-6.712954263465501299e+02
-7.604435026537745443e+02
-1.203922624754367234e+03
-9.976945573498630893e+02
-1.676507372759539294e+03
-1.031422838200968272e+03
-1.569730399636332777e+03
-1.211542864901452276e+03
-1.497732721311384012e+03
-1.002134037921982099e+03
-7.446248764758247489e+02
-1.675090007175495884e+03
-9.748250077148649098e+02
-1.352883205825160076e+03
-8.913040592942763851e+02
-8.652725893468024196e+02
-1.481566821196254523e+03
-1.326304101451132738e+03
-1.595985832597325725e+03
-1.801560433040788439e+03
-1.202561706389165920e+03
-1.282591545201436702e+03
-1.104876713646169037e+03
-1.685687434086165013e+03
-1.323022657779083602e+03
-1.178650827062827375e+03
-1.285376149173794374e+03
-1.414998337076730650e+03
-9.021334863618660620e+02
-1.492591960300100936e+03
-1.073796428173051254e+03
-7.928978483110197431e+02
-8.591590254711350099e+02
-8.865216014947155827e+02
-1.673207835964242349e+03
-1.362412728520180281e+03
-1.613719309528945132e+03
-1.518556365444213498e+03
-1.662309923903166464e+03
-1.636066027114874942e+03
-1.407801136248413513e+03
-9.366662307697874894e+02
-8.984429419010332367e+02
-1.632462135940810185e+03
-1.665617149744792187e+03
-1.068285044437350734e+03
-1.168048992113660915e+03
-9.612023758643398423e+02
-1.006171644120270230e+03
-1.073384565166848688e+03
-9.077341193565481490e+02
-1.214069413038619814e+03
-1.573940417165096960e+03
-1.180538705960531161e+03
-1.392181529348238428e+03
-1.338648170833698941e+03
-1.251981601696465304e+03
-1.434899777645200402e+03
-1.503335128804298165e+03
-1.205527408726120711e+03
-1.392988272567885815e+03
-8.384324630380302779e+02
-1.171798063110008798e+03
-1.069419601254253621e+03
-1.384543082685197533e+03
-1.138027880903811820e+03
-1.366451068132608725e+03
-1.552625249537765285e+03
-1.376347783937146005e+03
-1.194798232947901170e+03
-1.548666575183031227e+03
-1.227261254951164801e+03
-1.045023145212966710e+03
-8.144741007223177576e+02
-1.071068578963593382e+03
-8.633973700129783992e+02
-8.406806567429576944e+02
-1.568933857985001623e+03
-1.682456871404103140e+03
-1.484667712715448260e+03
-8.942898677789405610e+02
-9.678411578295360869e+02
-8.713218924735518840e+02
-1.813796389536990546e+03
-9.623275287936119184e+02
-8.716029148972797884e+02
-1.185031776484332568e+03
-1.084174867352263618e+03
-1.429826830667290096e+03
-1.519926388496325217e+03
-8.675459747116628932e+02
-1.282201425784540106e+03
-1.634985246474226187e+03
-1.207654821957954027e+03
-1.092626911979226179e+03
-8.682594776018268021e+02
-1.310142237191734239e+03
-1.318052903150946349e+03
-1.430788479193355897e+03
-1.835399057067728108e+03
-1.809846186520524270e+03
-1.034056269644250733e+03
-8.912481499317387943e+02
-1.610169287148532021e+03
-7.481092536073274459e+02
-1.135755173277013000e+03
-1.355382033834160666e+03
-1.211219795079103051e+03
-9.691158147658799180e+02
-1.168401199303405974e+03
-1.299961462723269506e+03
-1.252825362222492004e+03
-1.604432295142823705e+03
-1.175294373716325936e+03
-8.973310441007482723e+02
-1.845494871756188786e+03
-1.433254093380709492e+03
-1.745105195167132933e+03
-7.773023731855481628e+02
-1.338979837233799117e+03
-1.528449861750722448e+03
-1.665728745727850082e+03
-1.506677220498660290e+03
-8.908411800201993174e+02
-1.606658217489523167e+03
-1.600845708754768566e+03
-9.290759784696758743e+02
-8.965089358766635996e+02
-7.698197039517671101e+02
-7.712816772561827747e+02
-9.008587499654076964e+02
-8.756757899955858875e+02
-1.172800470732220447e+03
-9.225099108679554547e+02
-8.799573387423532722e+02
-1.471954786209632402e+03
-1.171558981093668763e+03
-1.507161108759560648e+03
-1.292540734224745847e+03
-8.570424147690729342e+02
-1.069093192431599391e+03
-9.952320657166397950e+02
-1.498875864686565137e+03
-1.320994423907154214e+03
-7.677950424657468602e+02
-1.341244936912811454e+03
-9.860234477354472347e+02
-8.888213358354976208e+02
-1.650287020885345100e+03
-8.595263821014499399e+02
-1.131622873550695431e+03
-9.786249936872453645e+02
-1.305219737911721950e+03
-1.677103338327743586e+03
-7.663767556745768843e+02
-1.097891287812659584e+03
-8.605273792941258080e+02
-1.519058449512495145e+03
-1.234514673895703481e+03
-1.196630292994043202e+03
-1.322667589398946575e+03
-1.175006625457019481e+03
-9.571069878319427744e+02
-8.875323443757686164e+02
-8.665452940844838849e+02
-7.796876578205904025e+02
-1.189406495231715553e+03
-8.943503965741709862e+02
-8.697080872669075688e+02
-8.723498388587521504e+02
-1.701714008916846751e+03
-1.734856363121367394e+03
-1.370684929213795158e+03
-1.569160397182577753e+03
-9.932867951545855476e+02
-1.157900560899766560e+03
-8.891733337832118877e+02
-1.129484813828835968e+03
-1.368640363010386181e+03
-1.426980569904973436e+03
-1.387045782720105990e+03
-9.664276203993582612e+02
-1.171176777958743969e+03
-9.167808965916618718e+02
-7.780227431327559771e+02
-9.258404957557252146e+02
-1.539035710016628855e+03
-1.166221984809891410e+03
-7.518959186062065783e+02
-1.359456430322029519e+03
-8.065474563083660087e+02
-8.866702649428681298e+02
-7.569487398328033123e+02
-8.597193695336118253e+02
-1.636704914595421769e+03
-1.387685713550580203e+03
-1.303900930126242429e+03
-7.507130455526970536e+02
-8.709947509117921527e+02
-9.061975229084947614e+02
-1.320481328384932112e+03
-1.303700065464670388e+03
-9.139777699130171413e+02
-8.636692997914485659e+02
-9.766986158995571259e+02
-1.482122329685641262e+03
-1.602811534801503967e+03
-1.068981502038253211e+03
-1.398460024741937332e+03
-1.602623816537279254e+03
-7.512556725405835323e+02
-1.160399291605841654e+03
-9.715837308579713181e+02
-9.726269794035994209e+02
-1.182684871773520626e+03
-1.567294246544663793e+03
-9.656161511898538947e+02
-1.746110878781540123e+03
-8.839241672212957610e+02
-7.553177746181729617e+02
-9.724827453172869127e+02
-1.610418120964527361e+03
-9.103694965233621588e+02
-8.764841860588338704e+02
-1.178177417350813585e+03
-8.677833318645924692e+02
-8.556139681364322769e+02
-8.676867760361668616e+02
-8.836183871102117564e+02
-1.064532461164047163e+03
-1.574250605232723046e+03
-8.698806941019441865e+02
-9.584073924017496893e+02
-8.776169179987259668e+02
-1.068202133619972301e+03
-1.331698009620977473e+03
-6.570941608581016453e+02
-1.419500544963292668e+03
-9.349625896748356126e+02
-1.366635474298596819e+03
-8.568471407058560771e+02
-1.004763824589009232e+03
-1.005893060231315189e+03
-1.218231735660278218e+03
-1.632274196896728427e+03
-9.709783610944114116e+02
-1.662107429821595588e+03
-1.312010869224051248e+03
-8.377213558631021897e+02
-1.184359759832605960e+03
-1.183179951606231043e+03
-1.390434306227526577e+03
-7.018345662947341452e+02
-9.077905994982229458e+02
-1.056668805299974338e+03
-1.530294499936269858e+03
-8.905029156087995261e+02
-1.415915970830881861e+03
-1.302567848103495635e+03
-1.432756172554638169e+03
-1.869525904853268912e+03
-8.793684626663639392e+02
-1.762519525950861862e+03
-1.488470979548178548e+03
-1.194761710506831378e+03
-1.074922681643520036e+03
-1.038974389434780960e+03
-1.297707955178121438e+03
-9.475251014354682866e+02
-8.886399105661181466e+02
-1.032183366466543930e+03
-8.954287659661607677e+02
-1.330090639000320607e+03
-1.067326822920514815e+03
-1.423629183459730939e+03
-1.034922657502900620e+03
-1.224731380281577685e+03
-1.065101252424217819e+03
-1.037873713327146334e+03
-1.299792653166519358e+03
-1.082626219091397161e+03
-1.180826024097284972e+03
-1.318846279346850224e+03
-9.885042877089949798e+02
-1.190842702318385591e+03
-9.312206058286348025e+02
-1.041033584960046028e+03
-9.307275373418893878e+02
-1.036979575071533418e+03
-1.771070382098514074e+03
-1.053062995085087550e+03
-8.660672585709854729e+02
-9.803384710655615208e+02
-9.598498505819102320e+02
-1.458200592988861899e+03
-1.053037425245669056e+03
-1.026934376355420227e+03
-1.039254670897794540e+03
-1.351541049157148109e+03
-9.085129093938954838e+02
-9.775948252525093949e+02
-1.373090980972111083e+03
-1.419290181570683899e+03
-8.896478473496457582e+02
-1.039115543309576196e+03
-9.026509983056549800e+02
-1.830523268387350299e+03
-1.020028501111161631e+03
-9.364182659800585498e+02
-1.036990171236462629e+03
-1.263116859255160307e+03
-9.793209413145274311e+02
-1.185160131414832904e+03
-9.010522784836832670e+02
-8.772518166821345176e+02
-1.725738856313126689e+03
-1.038958330717259287e+03
-1.353764442535258695e+03
-1.035968287366224331e+03
-1.483100909254849967e+03
-9.764494659791774893e+02
-1.235737799918697419e+03
-1.288648476380745706e+03
-1.169536199349662866e+03
-1.542202674369169017e+03
-1.045573556714831284e+03
-1.694653063314495967e+03
-1.174631246708944673e+03
-1.296465637947150526e+03
-1.174609155482538199e+03
-1.002912477879202925e+03
-1.477535179564671807e+03
-9.154746710703540202e+02
-1.227440119053556373e+03
-9.981419827459076259e+02
-9.074513320950785555e+02
-1.337228357435844146e+03
-9.041125064618264560e+02
-1.328850279109673920e+03
-9.169498850040752131e+02
-1.413248115473699045e+03
-1.664329179704950320e+03
-9.095087025706145596e+02
-1.022399208183986502e+03
-1.401161517877533470e+03
-9.788978169788360901e+02
-1.013107491065471208e+03
-1.071447028518253092e+03
-8.858005726463234168e+02
-1.264366000597399989e+03
-1.215299822262261159e+03
-1.033957747661493840e+03
-1.408250001294629101e+03
-8.898209263536829212e+02
-1.065177686400387756e+03
-1.031556895072181533e+03
-1.705119110860281353e+03
-1.398462102657337027e+03
-1.050587798804834392e+03
-9.938045780221657424e+02
-1.642212819570376041e+03
-1.129599232765729539e+03
-1.380197859349390001e+03
-1.084117306997147580e+03
-1.185760242011950822e+03
-1.093932974584500016e+03
-1.737844769318689487e+03
-1.621660253471899296e+03
-9.232122160944774123e+02
-7.890494145665937822e+02
-1.304517868465769652e+03
-1.326107635543247852e+03
-1.068843351511446372e+03
-1.180878624689276194e+03
-9.384109273704150382e+02
-1.008765417344067032e+03
-1.143541958920613297e+03
-1.592481499736705928e+03
-1.040449444072832875e+03
-1.178731973295422677e+03
-1.045622737809560249e+03
-1.551743443966998484e+03
-1.017211144400271337e+03
-1.368796720002073698e+03
-1.283975266135385937e+03
-1.053510285718240993e+03
-1.569127572314494500e+03
-1.008876802921794251e+03
-1.091036247266451710e+03
-9.047058701248571424e+02
-1.110675393436171362e+03
-1.119972304419115972e+03
-1.705151031758652380e+03
-1.827424221991532249e+03
-1.062658025281226855e+03
-1.170202149095087179e+03
-1.085513282843919797e+03
-1.199033432514656170e+03
-1.011266754884527927e+03
-1.215301139371879799e+03
-1.492684391121836825e+03
-1.535650607968777194e+03
-1.015625656338598219e+03
-1.201400894047855672e+03
-9.162328956033280747e+02
-1.794695034764953562e+03
-1.026517029670201964e+03
-1.111660022394888074e+03
-1.053759897001705895e+03
-1.100097087652602795e+03
-1.616547277266027322e+03
-1.194065025680145709e+03
-1.095084206149758074e+03
-1.085828932820859109e+03
-1.114551120473700848e+03
-1.359739384774840119e+03
-9.444081508862147984e+02
-1.496998823377331291e+03
-1.006729077911927106e+03
-1.179271954385164236e+03
-1.302494047277034952e+03
-1.063326833223098220e+03
-1.096626372836058636e+03
-1.187687148245244771e+03
-1.146989110962135101e+03
-1.353976538172563323e+03
-1.307200513177744597e+03
-9.689969444175379749e+02
-1.012013872503339144e+03
-1.106385500478427048e+03
-1.146640888950563976e+03
-8.997358256250300883e+02
-1.163543100148192707e+03
-1.194155341215483077e+03
-1.326205663245057394e+03
-1.082067379197004129e+03
-1.080629629368417227e+03
-1.192207107780719753e+03
-1.664570890022386720e+03
-1.165838446442690383e+03
-1.538322472952910630e+03
-1.201161451573929526e+03
-1.119171417102187661e+03
-1.168360902083411702e+03
-1.180267613375865267e+03
-1.699122374708626239e+03
-1.089104227734535243e+03
-1.628954913429446833e+03
-1.427264538961522476e+03
-1.207803393954249486e+03
-1.211679674652395761e+03
-1.053413339020787362e+03
-1.054309902295549364e+03
-1.170124774896009058e+03
-8.863981291616760245e+02
-1.829973213174389684e+03
-1.189702785270099639e+03
-8.996409314083290383e+02
-1.399461389732403859e+03
-1.551969150250710072e+03
-1.402363528340114271e+03
-1.478905211875879786e+03
-1.104836942014642091e+03
-9.158885573084772886e+02
-1.292831502029303010e+03
-9.873079767039798753e+02
-1.739040128063996008e+03
-1.671763385591206998e+03
-1.621825734327833061e+03
-1.098744770428173979e+03
-1.020430923375781845e+03
-1.145447941704937648e+03
-1.796746210216389272e+03
-1.067236012480137560e+03
-1.097310571677581947e+03
-1.683127398774455060e+03
-1.377508614371767408e+03
-9.249606629096707593e+02
-1.138999195356030668e+03
-1.170706640414950925e+03
-1.682833857777622597e+03
-9.200105297921774081e+02
-1.654817312544701508e+03
-8.909742465619932545e+02
-1.015772274002568224e+03
-1.212093835645963281e+03
-1.186727724300983709e+03
-1.041826057940876808e+03
-1.194083593444132475e+03
-1.131065250322847533e+03
-1.069575496345104511e+03
-1.779491673603075242e+03
-9.239342867914305089e+02
-9.265728654926800800e+02
-9.943724508048766211e+02
-1.664917790839438112e+03
-1.025534454751878229e+03
-1.205491177183121636e+03
-1.061038092769357718e+03
-9.025916942192382066e+02
-1.155045171294243346e+03
-1.017506183797618178e+03
-1.364281479053538533e+03
-1.204454572828130040e+03
-9.982918028840759916e+02
-8.645445598077349132e+02
-1.149965826281054888e+03
-1.013731924332542576e+03
-1.016445628708041340e+03
-1.062844928145425001e+03
-8.963341179490519153e+02
-1.073993815904567327e+03
-1.691694071030117129e+03
-8.991077077342472421e+02
-9.069423003739636897e+02
-1.357932910101578955e+03
-1.368593170127918029e+03
-1.281483477886132277e+03
-9.224149042191208991e+02
-8.951725831026574269e+02
-1.125489912815185789e+03
-1.505476144114158160e+03
-1.179714769117608284e+03
-1.318951591197865127e+03
-1.024501309273980269e+03
-1.297359875337727544e+03
-1.136400968103738705e+03
-1.438611722492740228e+03
-1.704847990274140557e+03
-9.039296683681117202e+02
-1.746094526186508801e+03
-1.224157967984427387e+03
-1.775666971898798920e+03
-1.077636792581984992e+03
-1.084601681889348811e+03
-9.087359953984456524e+02
-1.166788723269841967e+03
-1.038305088228139311e+03
-1.037722600523810797e+03
-1.000341898457897855e+03
-1.016177406549672355e+03
-1.432360056780753439e+03
-1.028129130543873771e+03
-1.287539424683311381e+03
-1.081266103014207374e+03
-1.095083282093318076e+03
-8.726941043640215412e+02
-1.103188225055332168e+03
-1.294423721236695656e+03
-7.117341092568760814e+02
-1.085968193374942302e+03
-1.008661399517023142e+03
-1.664461490713540115e+03
-1.144114676795920786e+03
-1.063808690792838888e+03
-9.944481817803587091e+02
-1.395430611695066773e+03
-1.434992781762579853e+03
-1.053337669177100224e+03
-1.150243973428168374e+03
-1.183605048380848302e+03
-1.051088264133819393e+03
-1.165971296392586055e+03
-9.135738063515710792e+02
-1.138524297261714537e+03
-1.032474331402364669e+03
-1.442981943594578979e+03
-1.318409459093049918e+03
-1.105006374456994308e+03
-9.673607151865772948e+02
-1.705135695094967787e+03
-1.691923624803877374e+03
-1.037558244226912620e+03
-1.682117291616141983e+03
-1.339504711314286851e+03
-1.150385441317396726e+03
-1.134385760381707314e+03
-1.353385508401727520e+03
-1.207460923380042004e+03
-1.086326259815521325e+03
-1.159164816001296458e+03
-1.552019858128521491e+03
-9.668913731851836246e+02
-1.184497116685429773e+03
-1.568458101835549769e+03
-1.132527386353471456e+03
-1.161153086028692087e+03
-1.196424229190490223e+03
-1.108692132030551875e+03
-1.024728715506498247e+03
-1.179141205143803973e+03
-1.152764418810633742e+03
-1.178255620659747592e+03
-8.719233519460399293e+02
-1.097755311143684821e+03
-1.477289037964816089e+03
-1.055197477865789779e+03
-1.151238370732664180e+03
-1.043306567802877680e+03
-9.008270985085700886e+02
-1.639578565205385075e+03
-1.153070718268533710e+03
-1.218935077917298486e+03
-9.846602064853699403e+02
-9.165546637463658044e+02
-1.369422351739003716e+03
-1.046669016065303822e+03
-1.346960822418108364e+03
-1.068834997705003389e+03
-1.333493116666529204e+03
-1.031732631274875530e+03
-1.839778196797651617e+03
-1.117851653760046020e+03
-1.109061981202098650e+03
-1.042430321056110643e+03
-8.533193088596399321e+02
-1.467551478401118629e+03
-1.029073013553995906e+03
-1.316039914932939155e+03
-9.924204325417854307e+02
-1.024417439342511216e+03
-1.431140870900589334e+03
-1.568567086857963432e+03
-1.195148563633062395e+03
-1.054635179459336996e+03
-1.085486762940337940e+03
-9.656991557274702700e+02
-1.022875989039256297e+03
-8.994238311091189644e+02
-1.114611826455897472e+03
-1.072162083108174556e+03
-1.287249085038817157e+03
-1.229683574200392968e+03
-9.110539259898005184e+02
-1.324390611643291777e+03
-1.226677704647183646e+03
-1.260151921719771281e+03
-1.097445415601325749e+03
-1.015148591361637045e+03
-1.090421579152674440e+03
-9.795520986429984305e+02
-1.058077713519576037e+03
-1.076071712273276262e+03
-9.964672641753039670e+02
-1.330618976469316067e+03
-1.504698343498559097e+03
