-8.798513211764889093e+02
-9.215616678169668603e+02
-1.404856230059485824e+03
-1.373480594446882378e+03
-1.133355448970209864e+03
-1.361796438535717016e+03
-1.185627892454704124e+03
-1.856682857754550469e+03
-1.073669498733386718e+03
-7.534730659626721945e+02
-1.804578029755499983e+03
-1.037106002994351456e+03
-1.152693899152331596e+03
-1.449975439286340588e+03
-7.480366400860418707e+02
-9.087064876798981459e+02
-1.648069113849905762e+03
-8.011936023978219055e+02
-8.587631433443740434e+02
-8.878955892652339799e+02
-1.070958799223085634e+03
-1.534280181011907189e+03
-1.166209419361204027e+03
-1.521961799311068035e+03
-1.060541412298226305e+03
-8.367747771510532857e+02
-1.262372750893015564e+03
-7.577672002783359630e+02
-1.543960954750257770e+03
-1.072232755814494567e+03
-1.284331049584297261e+03
-1.111511903593783472e+03
-8.638913151264558792e+02
-7.650608192322588366e+02
-7.600841874525045796e+02
-8.599357883240235196e+02
-1.666568555196829038e+03
-1.198279990021374260e+03
-8.535572412433327827e+02
-1.113794428298606363e+03
-1.165764427014073362e+03
-1.584395463507054728e+03
-1.764965510945297865e+03
-1.792738887397921417e+03
-1.587521988368349184e+03
-1.351487457336602574e+03
-1.564056720857942992e+03
-8.925430113925925752e+02
-1.336597934047840681e+03
-1.163854743643488291e+03
-9.672114304345026312e+02
-1.732907137015895842e+03
-1.000423583276056775e+03
-9.645614788671232418e+02
-1.174739542988387484e+03
-1.639596745249991500e+03
-1.410489020923763064e+03
-9.192020567350105011e+02
-1.834897561178922615e+03
-1.169611770472109583e+03
-1.556763631542708936e+03
-1.532588958130334277e+03
-8.560387968179444442e+02
-1.281310725829143394e+03
-1.056773626200169019e+03
-1.295733676378542896e+03
-1.623386449822957275e+03
-8.859712080269323451e+02
-1.451207260322127468e+03
-9.363487439431099801e+02
-1.814181483589552727e+03
-1.011394791117720501e+03
-1.753598951729663213e+03
-1.665940106139250702e+03
-1.165193933152346744e+03
-1.678363947881094418e+03
-1.479195863424812387e+03
-9.587121127300356420e+02
-8.623053093020508868e+02
-1.293478611486426871e+03
-1.175318542881889471e+03
-1.477762139039554086e+03
-9.371119271987236061e+02
-1.160471223215834243e+03
-1.504926590537659195e+03
-1.073365272264641362e+03
-1.757716830552309602e+03
-1.614439013083694135e+03
-1.517974531839740621e+03
-1.123151993910928013e+03
-8.729159753492700702e+02
-7.226757715693950104e+02
-1.253034912461282374e+03
-7.748279681736370321e+02
-1.790921243456909679e+03
-1.662554651779737242e+03
-1.803469253442953459e+03
-1.146440751014162288e+03
-1.057801423578937829e+03
-9.000986013907266852e+02
-1.706293742895201603e+03
-7.908017108288381678e+02
-1.311913308500505082e+03
-1.663859473351134511e+03
-1.583674613915028203e+03
-1.518061924132540526e+03
-1.647817220060467889e+03
-1.671161388622445429e+03
-1.644902721928531946e+03
-1.484584939712726054e+03
-9.740856360485731784e+02
-1.046258117045383869e+03
-1.066752906947220481e+03
-8.919157731764415757e+02
-1.620230731283593286e+03
-1.298325827679302847e+03
-8.879644844547107141e+02
-1.282372334899288489e+03
-1.275378812988200934e+03
-1.376211223937381874e+03
-9.656308425561617241e+02
-1.474195747659625113e+03
-9.675721281055085683e+02
-1.862094498606354136e+03
-9.056106538040650094e+02
-1.502982164997577229e+03
-1.276502624536170288e+03
-1.309743457163660423e+03
-1.277358277764946934e+03
-8.944333688557437654e+02
-8.711124435879689827e+02
-8.143287199716651230e+02
-1.188249120610088085e+03
-1.480099610530107384e+03
-1.289969163369010857e+03
-1.379667784963093936e+03
-1.652743227009801103e+03
-7.773533727094975347e+02
-1.532535170744946754e+03
-1.328294446032783981e+03
-1.136465474696248066e+03
-8.699544236263869834e+02
-9.008792498779673679e+02
-7.596394478207113252e+02
-9.339765859413279259e+02
-1.536928247984129257e+03
-1.265136324360225217e+03
-1.741598984726970912e+03
-1.728198333391890401e+03
-7.753059312052021141e+02
-7.702469114623985433e+02
-1.771097652358042978e+03
-1.393150881754253305e+03
-1.172572501502130535e+03
-1.065186368031326538e+03
-1.237445249680309416e+03
-1.398805223399036095e+03
-8.534758604430688820e+02
-1.476064878472311648e+03
-1.166054179562594527e+03
-1.374827595344690280e+03
-8.626084388117947128e+02
-1.572388189987612122e+03
-9.579427582162171575e+02
-1.311909561074912517e+03
-1.404485871662071304e+03
-1.196541523921567659e+03
-1.892939840347466088e+03
-1.182669865794330008e+03
-9.693995440583020127e+02
-1.177992940852655920e+03
-9.694808265406870760e+02
-1.567822786980358842e+03
-9.027748864250651195e+02
-1.409133180955712305e+03
-1.081926608800985832e+03
-9.535254973594396688e+02
-1.336675252564939683e+03
-7.459947567792405607e+02
-1.697499683547351651e+03
-7.683698106998608637e+02
-1.582085141141037639e+03
-8.713830628968408973e+02
-1.243779735014293010e+03
-7.493915267490594943e+02
-1.604882367962754870e+03
-6.316115082674363066e+02
-1.576558866768970120e+03
-1.752651365446130512e+03
-1.450111755980320595e+03
-9.675917473622994294e+02
-1.277571682844686848e+03
-1.412569651702685178e+03
-1.057417505325715410e+03
-1.289403382076037133e+03
-1.244720573594326652e+03
-9.868879804137504834e+02
-1.315396742897211197e+03
-1.460280104928560149e+03
-1.109397995696289172e+03
-1.208739997499711308e+03
-1.328734945387940343e+03
-1.799577740880288729e+03
-1.727558730643515673e+03
-1.710217219817686555e+03
-1.245542524539886472e+03
-8.851566796495030758e+02
-7.596978055403586723e+02
-1.352708381298795757e+03
-9.231036771621255639e+02
-1.084370727542451732e+03
-1.679961813628823847e+03
-8.649308862726204552e+02
-1.078566703913227684e+03
-1.245123405658192041e+03
-9.687739763781647753e+02
-1.263780399307093148e+03
-1.099509310413802268e+03
-1.737270981693724480e+03
-8.950422291690679231e+02
-8.829557021225493827e+02
-1.220585210646639325e+03
-1.229776700915273523e+03
-1.041887960604892442e+03
-8.723141380792634436e+02
-1.691964707174462546e+03
-1.443093131864717407e+03
-1.482334592890951853e+03
-1.245779397147560985e+03
-1.275877262339883600e+03
-1.374352988571824199e+03
-8.432618125045036095e+02
-1.233231158890499955e+03
-8.734299102203931398e+02
-1.715990428837778381e+03
-1.289692820220767089e+03
-1.207198015359140527e+03
-1.062288395110629381e+03
-8.267790726126676191e+02
-1.063221091485561601e+03
-9.895900575858233879e+02
-8.807858022960517701e+02
-1.069422796583226273e+03
-8.347297908152114587e+02
-8.531630251834742467e+02
-7.512094648810157196e+02
-7.544327118851502973e+02
-1.641313685954751691e+03
-1.778967280567098896e+03
-1.836161381285159678e+03
-1.336055902484763465e+03
-1.767194699514462400e+03
-8.700218035285337237e+02
-1.566409766582092288e+03
-1.255321002530133910e+03
-1.044960335378350692e+03
-9.031447456173559658e+02
-1.084727620980151869e+03
-1.274262812685173685e+03
-1.060133342155521632e+03
-9.745603672002272333e+02
-1.145051840055658204e+03
-1.800045776410670896e+03
-1.408570566480865864e+03
-1.377426950285638895e+03
-7.661176613247663454e+02
-1.317377102156267256e+03
-1.583245391101465657e+03
-7.545261384471418751e+02
-1.265367102228485692e+03
-1.255248082954895381e+03
-7.506027204472414951e+02
-8.985148562853922840e+02
-1.009678578376330961e+03
-9.441768689675615178e+02
-1.320638541494502533e+03
-1.155854080858302268e+03
-9.689692187402785066e+02
-1.385781680872321658e+03
-1.461872170028315622e+03
-7.780562728018463758e+02
-1.304047654648716161e+03
-8.769258011967290258e+02
-1.299759490869051660e+03
-1.252237408106683233e+03
-1.664804926882515474e+03
-1.067477991184131042e+03
-9.879015551024290289e+02
-1.621659687839434355e+03
-1.208998994823850808e+03
-8.795615218726106832e+02
-1.602851416442114441e+03
-1.675819024124467205e+03
-1.490156712102009351e+03
-1.265000199689630335e+03
-1.068254416703329753e+03
-1.541619185985863396e+03
-1.799182870765324878e+03
-1.168218849447193861e+03
-1.069137425852455181e+03
-1.511165936043648344e+03
-1.790658388795347946e+03
-8.310431702119628881e+02
-1.520120347081852742e+03
-9.719120673082024950e+02
-1.070935613283836574e+03
-1.433186630264062842e+03
-9.749332034869827339e+02
-1.434901023212817563e+03
-1.085541567684800384e+03
-1.072741785193741862e+03
-1.615661611428719425e+03
-1.148817934123624809e+03
-1.859070482436744442e+03
-1.191503194710187472e+03
-8.972075013859499677e+02
-1.082256056952827521e+03
-1.426490845040062368e+03
-1.294202722946579115e+03
-1.545487428747324884e+03
-1.304931257904288941e+03
-1.066709718926971618e+03
-9.283854238736354318e+02
-1.376096081404875349e+03
-1.437664999215862508e+03
-1.616560038513126301e+03
-1.166866507230834259e+03
-1.647685235871143959e+03
-1.249597442237680070e+03
-1.355960607003712084e+03
-9.469990699790606641e+02
-1.296963163196203141e+03
-1.681837530810492353e+03
-1.637676237885374348e+03
-1.531898838604430011e+03
-9.695305434710510326e+02
-8.705886870048217361e+02
-1.078969727277569518e+03
-8.949870989490461852e+02
-1.329402169231084827e+03
-1.284400851941771407e+03
-1.564318984818166882e+03
-1.473409792405359894e+03
-9.053538465342878681e+02
-8.605785854250617604e+02
-1.190078056097665240e+03
-1.849030987577104270e+03
-1.337714852617865972e+03
-1.069301966167748105e+03
-8.881219553740639867e+02
-1.746866943359909328e+03
-1.062848658750155892e+03
-1.414125319244061529e+03
-1.363920125905061923e+03
-1.830746432298433547e+03
-1.614046072880003067e+03
-1.280690274313091095e+03
-1.499823019806562570e+03
-1.195784564996882409e+03
-1.331407500952188457e+03
-1.425286055685229030e+03
-8.971915708150785349e+02
-1.299622245872881422e+03
-1.167996176212118598e+03
-1.741650758750547766e+03
-1.820894254938925769e+03
-1.343581785735750827e+03
-1.172425029293189482e+03
-1.064685674125438254e+03
-1.608825924400829535e+03
-1.279774278945182687e+03
-1.560104934841041768e+03
-1.215912453841840716e+03
-1.201891167329204563e+03
-1.505722200642938787e+03
-8.589765530829940872e+02
-1.276567246014995135e+03
-1.004831712233961866e+03
-1.819297722094433084e+03
-1.194429363437362099e+03
-1.415046401564856978e+03
-1.292475346090480116e+03
-1.095065748928627727e+03
-9.276030847294069872e+02
-8.622408839668875089e+02
-1.071586138619738222e+03
-1.479018875936012819e+03
-9.652477819744613043e+02
-1.778657644684728211e+03
-1.164039604557198345e+03
-1.607516627071642688e+03
-8.719819373302900658e+02
-1.803685216145200229e+03
-1.568319658535937151e+03
-1.070860968704153265e+03
-1.289597717814521275e+03
-8.624500416752471210e+02
-1.365999065596412493e+03
-1.253370813148911338e+03
-1.283614352194733328e+03
-9.775733351996648253e+02
-9.690965618134172246e+02
-1.340209962488483825e+03
-1.688187803340706296e+03
-7.453964043929257741e+02
-8.437253913963226069e+02
-1.059098536954634028e+03
-9.641879360452244327e+02
-1.334943479723195196e+03
-1.070776864538520158e+03
-1.422023263136690730e+03
-1.573412431908298913e+03
-1.271635515857497012e+03
-1.274530628124187842e+03
-1.370660259252512105e+03
-1.862596534205135413e+03
-1.208967636309175759e+03
-8.126186461489296562e+02
-1.083409056194732329e+03
-1.775644584791861917e+03
-1.484806955819768518e+03
-8.936252890083567308e+02
-1.776876337903027434e+03
-1.164459254065837968e+03
-1.408957441793813587e+03
-1.166017004747548299e+03
-9.895712638728506363e+02
-1.185860499882857084e+03
-7.713035502492036812e+02
-1.578236794838187507e+03
-9.145240116216721162e+02
-8.625631997455657256e+02
-1.346572697500039794e+03
-1.181425339707352578e+03
-9.481977746954886470e+02
-1.397053841434360493e+03
-7.800755327196549160e+02
-1.171697224105193072e+03
-9.828804948802467152e+02
-8.815334893939512995e+02
-7.620559219062090506e+02
-1.000109508273293841e+03
-8.751332587485280783e+02
-7.372637735980353000e+02
-8.930170792595785088e+02
-1.436419412789189209e+03
-9.637108687759412078e+02
-1.598492420627374031e+03
-1.606035772932878217e+03
-1.287003530910171548e+03
-1.069318251206687364e+03
-1.068270563566607962e+03
-1.807065793896482091e+03
-1.468302655166591649e+03
-8.658319078519099321e+02
-1.142731298388520145e+03
-1.064544996803469530e+03
-1.161407102059816225e+03
-9.880141017027460748e+02
-1.468938712811257346e+03
-1.345564798542469362e+03
-7.103618747151773505e+02
-9.668613315721133858e+02
-1.055167402892145901e+03
-1.068551107430143929e+03
-1.527407406331057700e+03
-1.094256098867471110e+03
-1.066128684753844027e+03
-1.590948993150095703e+03
-1.392443751156401049e+03
-8.983637949038716215e+02
-1.042488961621829276e+03
-1.153026263065861713e+03
-9.535679917693305470e+02
-8.538382904405099225e+02
-1.074281507770668668e+03
-1.742472477704124003e+03
-1.069682002035029882e+03
-1.329534571454107891e+03
-1.527821357654546546e+03
-1.296962520509425531e+03
-1.101504600559208484e+03
-1.070208270323212218e+03
-9.371627679448150730e+02
-1.149915625246136869e+03
-1.169406604469477315e+03
-9.631928382880868185e+02
-1.626524581196727468e+03
-1.512498158606324068e+03
-1.164140347267505376e+03
-1.172479647030194428e+03
-8.837107063084854417e+02
-8.632141918541237828e+02
-9.453355720590042210e+02
-8.832571277503866440e+02
-1.759658265207510112e+03
-1.402068355316705492e+03
-1.729180008672981558e+03
-7.597089095197167126e+02
-8.657511894407331283e+02
-1.160801499496472843e+03
-1.666331665571776739e+03
-1.654747528415699662e+03
-9.748614556820781445e+02
-1.650779797885578319e+03
-1.266731428983710202e+03
-1.736164175630332011e+03
-1.078344066008685331e+03
-1.580858013410673038e+03
-9.639065795226900946e+02
-1.446415263092203304e+03
-8.750498697367817158e+02
-1.041405008102495458e+03
-1.553924261379099789e+03
-9.339782391806022588e+02
-9.625712531800642182e+02
-1.314713093208424880e+03
-1.845856110167689394e+03
-1.575881679967272476e+03
-1.183993638903673173e+03
-9.664601048928301452e+02
-1.646857409356685821e+03
-7.692368887027535038e+02
-1.172350300708070563e+03
-9.674947559979017342e+02
-1.249817275395735578e+03
-1.534256768566341634e+03
-1.745203114945927155e+03
-1.546260791143808774e+03
-1.438714204016826443e+03
-1.340719547756999418e+03
-1.405874575691668269e+03
-1.489987695207972365e+03
-1.395142185130629514e+03
-1.501075193825361112e+03
-1.248311179189335235e+03
-1.293572388509852317e+03
-1.022204236771511660e+03
-8.007828332850469906e+02
-8.794282128625605992e+02
-8.837192652417403451e+02
-7.543167778854052585e+02
-1.166719954657860399e+03
-1.175199046375844318e+03
-1.730101098918368052e+03
-1.122066646794978396e+03
-1.221317250852583811e+03
-1.447437583221292698e+03
-1.417100861195090374e+03
-1.273874839524338995e+03
-1.679663823412338843e+03
-1.417112084120650707e+03
-1.374461040803894548e+03
-1.516439745660470408e+03
-1.337766092753843850e+03
-1.307610873100344634e+03
-1.158444653255959793e+03
-8.614217237525723476e+02
-8.770935337426351452e+02
-8.756408452753730671e+02
-1.174168559025039713e+03
-1.485733631454751958e+03
-7.240499549218600350e+02
-1.819635480897658908e+03
-1.542793628510336475e+03
-8.743862112529227488e+02
-1.554094651677471575e+03
-1.784480871905724371e+03
-1.282528746132300739e+03
-1.761341745511792396e+03
-7.649274770742495093e+02
-1.742723639497705335e+03
-9.659825935200750564e+02
-5.094254006384859963e+02
-9.710587636916616248e+02
-1.321145249302941011e+03
-1.048791315742591905e+03
-9.838698853472925521e+02
-1.156226764350386475e+03
-1.596075481534704977e+03
-1.261426610683019135e+03
-1.022837408051974876e+03
-8.504257767644284058e+02
-1.548270867247194019e+03
-1.305364731493472618e+03
-1.582866255564669245e+03
-1.180703289065748550e+03
-1.169124149555553231e+03
-1.164246618469179566e+03
-1.512070488078796643e+03
-1.465153121016907789e+03
-8.577336188293700161e+02
-1.589342276102454207e+03
-1.309095085577701639e+03
-1.287524035563093548e+03
-1.459971006773142790e+03
-9.031737549229760589e+02
-9.741029352470320646e+02
-1.145250089204139158e+03
-7.524959892942379156e+02
-1.258788903914316506e+03
-1.669976279982247206e+03
-8.837887281543203244e+02
-9.535395831906379271e+02
-1.613538429298795108e+03
-1.065623336570069796e+03
-1.771329485224374821e+03
-1.568434003606642591e+03
-1.166629769855511995e+03
-1.083547974788231613e+03
-8.625723676504113655e+02
-8.057807096171653711e+02
-8.826873671073121841e+02
-9.955041475612531485e+02
-1.748337376792321038e+03
-7.585095366112117290e+02
-1.124897815303883363e+03
-7.548724099035304107e+02
-1.047872621760424636e+03
-1.000932008615822269e+03
-1.724864607174756657e+03
-1.590128994996368874e+03
-1.297717860473356495e+03
-1.299913280128286260e+03
-1.004374688964157031e+03
-1.441563464477526395e+03
-1.341120777575393049e+03
-1.166152944122361077e+03
-7.626584473681913323e+02
-1.069273340713988091e+03
-8.714645747824223463e+02
-8.672882433945829916e+02
-1.128938855450453957e+03
-1.174018748135378019e+03
-1.082806299979615460e+03
-1.544026663258583085e+03
-1.173829273938428969e+03
-1.071903936753847347e+03
-1.356141770088452631e+03
-1.170371952765923425e+03
-1.511063524206519105e+03
-1.181797192689413578e+03
-8.349799799751250475e+02
-1.271696965911930874e+03
-1.634742718206981635e+03
-8.806382850396696540e+02
-1.450655863510032304e+03
-1.165501123694863736e+03
-8.597474496580709911e+02
-1.390890700990173400e+03
-1.023984280705083506e+03
-1.759869851629090135e+03
-9.719059232602091924e+02
-1.153651721956092842e+03
-9.677000030424918577e+02
-7.700155482401833069e+02
-1.171363160326392745e+03
-1.685835441506318602e+03
-1.824358006651629694e+03
-1.517776318459094909e+03
-1.166829438528777018e+03
-1.754337964118022910e+03
-1.195886511120681234e+03
-1.069912679163102212e+03
-9.611715599634969749e+02
-1.594601843298131371e+03
-8.266876363729599007e+02
-1.256196420960154001e+03
-9.681910293031854735e+02
-1.766270297498217587e+03
-1.304838018701188730e+03
-7.802053575297970838e+02
-7.461260185383158614e+02
-1.293365803246914311e+03
-8.178071759377537546e+02
-8.729245593762358340e+02
-1.142123821759616021e+03
-7.356929819924131380e+02
-1.170754781740027738e+03
-1.823782258209020711e+03
-1.580053043598286649e+03
-1.770880480936954655e+03
-1.268387911714876736e+03
-1.638405285426467344e+03
-8.927242225208440232e+02
-1.578508857082954137e+03
-1.625490858244719448e+03
-1.551464252577289017e+03
-1.163615512354732573e+03
-1.510102023146406282e+03
-7.720517166140178915e+02
-7.708050512240994294e+02
-1.578498536770076271e+03
-1.576150162744428144e+03
-1.175458283102855830e+03
-1.549092071470128531e+03
-1.468005222893356859e+03
-1.375284337016428708e+03
-9.073916212370504581e+02
-1.723374354453511614e+03
-9.668821835196160919e+02
-1.396751458947934680e+03
-7.487032540260969427e+02
-1.507479250583405246e+03
-1.273889744063279295e+03
-1.470779146309562975e+03
-8.719154936249112779e+02
-9.662257745514790486e+02
-1.788762492884998892e+03
-1.086314901405248975e+03
-1.074426975819385461e+03
-1.605603589440692303e+03
-1.168404571936519687e+03
-1.139326854891613038e+03
-1.731496010483785767e+03
-1.716745056777512900e+03
-1.172301526685875388e+03
-1.373241870044896586e+03
-1.370647781379582966e+03
-7.579251812900349705e+02
-1.764965323990258867e+03
-7.663761012288061920e+02
-1.066948331003713520e+03
-1.173853985397763154e+03
-1.834462690602090333e+03
-1.156848838830637987e+03
-1.335297495919932317e+03
-1.729676665391593815e+03
-1.611284411166357359e+03
-1.310357824462259941e+03
-8.861545926143709266e+02
-9.482534745586601730e+02
-1.070219325622884071e+03
-1.252027571388425258e+03
-9.290333944352352091e+02
-1.180123931699727109e+03
-1.394396827201381484e+03
-9.055275242890282925e+02
-9.679862932409496352e+02
-1.170948594473551111e+03
-7.469688047578309806e+02
-8.840555803584671821e+02
-1.319280578465110921e+03
-1.290360961314596352e+03
-9.739033102585798360e+02
-1.199043505550243708e+03
-1.134598225406787151e+03
-1.703728599050150478e+03
-1.876566659108513250e+03
-1.832556745732456875e+03
-1.340852263178661815e+03
-1.206235893996416735e+03
-1.753833548360938948e+03
-9.793283263380584458e+02
-1.073000908054714728e+03
-1.175383458776914722e+03
-7.141991822467241491e+02
-8.670415601844016464e+02
-1.451120849006822709e+03
-1.862736442606221317e+03
-1.763454784782624529e+03
-1.066833725531280834e+03
-9.706809107667538683e+02
-7.555605118258957873e+02
-1.073179414821599948e+03
-1.074561376679333307e+03
-1.319780817445950788e+03
-1.330591688858935413e+03
-1.712759269061447867e+03
-1.400461654057295846e+03
-8.752823517833386404e+02
-1.536234181783102031e+03
-8.537545090527628417e+02
-9.686609354003286398e+02
-1.534866732958399098e+03
-1.759762766074624778e+03
-1.307607520002008414e+03
-1.072356452674727052e+03
-1.758194972795534568e+03
-1.332750905313586827e+03
-7.265155127696001500e+02
-1.429512870067444965e+03
-1.665008185528432705e+03
-9.676855969321291013e+02
-7.659985830076535649e+02
-1.165642802732934342e+03
-8.765927271095797551e+02
-1.588721282643451786e+03
-1.042905979431465084e+03
-1.412633760432336658e+03
-1.416772030591879229e+03
-1.322574355999736099e+03
-1.389112537078912965e+03
-1.068313393511931281e+03
-1.330038643347436846e+03
-9.667974240176812373e+02
-1.092357354551957997e+03
-8.820207991959442779e+02
-1.061277720535107619e+03
-1.316375490603250682e+03
-8.528421999611205138e+02
-1.174017627146796485e+03
-1.396278117311454480e+03
-8.763874270973691409e+02
-8.670645578260340471e+02
-1.607303941823154219e+03
-1.361413288290522132e+03
-1.448077105958603624e+03
-9.477291564553079297e+02
-7.504396927415100436e+02
-8.768534483189733919e+02
-8.862362934852401395e+02
-7.702667501582728846e+02
-1.403652648883896973e+03
-1.517586554676127889e+03
-1.312440212923510444e+03
-1.168095459355079583e+03
-7.874591658779658019e+02
-1.305810302563533469e+03
-1.523258406649623566e+03
-1.560672145652910331e+03
-7.489160947109611470e+02
-1.169697778437728402e+03
-1.235423371316863268e+03
-1.178197624637749641e+03
-1.390376223670231411e+03
-1.380311647038573710e+03
-1.520124706782288058e+03
-1.674818150014785033e+03
-7.616797416160632110e+02
-1.342499866187816224e+03
-1.852625969336766275e+03
-1.005350953829621858e+03
-9.693420091941480905e+02
-1.172368240332732512e+03
-1.648641704647723827e+03
-1.874139098844328601e+03
-9.010972394941437642e+02
-9.037018704859315221e+02
-1.664797295066722427e+03
-1.584564544697136171e+03
-1.062952931981771144e+03
-1.591872964975754257e+03
-1.347271984123159427e+03
-9.669500330923410729e+02
-1.167726208642941629e+03
-1.563963033245700444e+03
-9.012745903968977927e+02
-1.339619190029672154e+03
-8.513276886538028521e+02
-1.814797334568769884e+03
-1.170374706204603399e+03
-7.646727386365860184e+02
-8.885313148814570923e+02
-7.113132279733047199e+02
-7.684982103675876033e+02
-1.223217233296059021e+03
-1.076476935515402374e+03
-1.369104376607122731e+03
-1.069183629042421899e+03
-1.553994533891626816e+03
-1.320234511863342505e+03
-1.303793972704602766e+03
-9.696152111547764889e+02
-1.106421032590933692e+03
-9.669661179028132665e+02
-9.660170325311679562e+02
-1.193395378481715397e+03
-1.070431238507265334e+03
-1.592383421211688983e+03
-8.693115060524129376e+02
-1.153162663946776775e+03
-1.063121289020216864e+03
-8.313013561563616349e+02
-8.676219157485707001e+02
-8.832145368284277538e+02
-1.279012895789524237e+03
-8.783324917265272234e+02
-1.563008973769486147e+03
-8.331593128206004621e+02
-8.879049587094496019e+02
-1.289047170744380992e+03
-1.098467249002203289e+03
-1.686472616534455256e+03
-1.361756729528437518e+03
-1.799328648853964751e+03
-9.801020406078637279e+02
-1.705961673159010388e+03
-1.604305748447633050e+03
-1.116892981250518005e+03
-1.281846928906828680e+03
-1.509002337226458394e+03
-1.256658459676289795e+03
-1.094791096259662254e+03
-1.258880681071434537e+03
-1.182141378916101530e+03
-1.315641844640138288e+03
-1.633085731562847059e+03
-1.882773862372621579e+03
-8.536869533361962112e+02
-1.619363123154595996e+03
-1.790040534380909548e+03
-7.508130366671630327e+02
-1.785556836936981426e+03
-7.486911722878934370e+02
-7.856476475819563348e+02
-1.517970088605590036e+03
-1.000621918035943054e+03
-1.816831865110255649e+03
-7.558202221146829061e+02
-9.661274722108481683e+02
-1.497209743919567927e+03
-8.966460289910554593e+02
-1.722351730865464333e+03
-1.366523585440906572e+03
-1.151781382033550017e+03
-8.693608243778818405e+02
-1.579101090034086610e+03
-1.667279333689525401e+03
-8.665479949433678257e+02
-1.351067664885400973e+03
-1.674030336209125608e+03
-8.758729658233681903e+02
-1.064874156128782033e+03
-1.067891302438590628e+03
-1.756078851573252450e+03
-1.171013959573794182e+03
-1.188185651244351220e+03
-9.645691163705657800e+02
-1.253675090449272147e+03
-1.070279147384973157e+03
-8.420734805564272847e+02
-1.378570976900144615e+03
-1.279456991136514262e+03
-9.022273969646811338e+02
-7.613279215395608617e+02
-1.798437549347580671e+03
-1.525392826541275099e+03
-8.389107785525914096e+02
-1.378492132000398442e+03
-8.712268984367879057e+02
-1.371571147546383600e+03
-1.144135782825471779e+03
-1.104677263315731352e+03
-1.163517701259172100e+03
-1.295769537338274631e+03
-1.178021803398501106e+03
-1.086499271683593861e+03
-1.438701869387735996e+03
-1.501104935980289156e+03
-1.290312973097124313e+03
-1.731401367825637635e+03
-1.541993341457354063e+03
-1.332870907194462234e+03
-8.713811141183590507e+02
-1.407860939366940556e+03
-1.435475229915450427e+03
-1.794870845968462163e+03
-1.197249319311647241e+03
-7.547186520010425284e+02
-1.304594874727365777e+03
-1.478062111172898085e+03
-1.452920659632582556e+03
-1.132498232276657973e+03
-8.656643787637228797e+02
-1.070834198231588289e+03
-1.095673327406621411e+03
-8.485384757883223301e+02
-9.670635460387610465e+02
-8.849814481970806810e+02
-1.682409766849034213e+03
-1.176321070791685997e+03
-1.308701706530001275e+03
-1.450829722746647803e+03
-7.731920697429359279e+02
-1.289842084648412765e+03
-1.321803757144065003e+03
-1.055414542730385165e+03
-1.597691674242668341e+03
-1.513284109847761329e+03
-1.779927530262879145e+03
-1.393123365304776598e+03
-1.557391386226375289e+03
-9.390646024087935757e+02
-1.074265146858344906e+03
-1.168024039758362278e+03
-1.345527743093852223e+03
-9.736840241084368017e+02
-8.676474707600750662e+02
-8.169372852434280503e+02
-1.170148474450207914e+03
-1.521900748822137302e+03
-1.575141003445092338e+03
-1.289326327475303742e+03
-9.899885898753104811e+02
-1.789251784829529470e+03
-1.592746090379588168e+03
-1.695095717229816955e+03
-1.753544570098856411e+03
-1.713788092457677521e+03
-1.514304128229595335e+03
-1.154226308698786852e+03
-8.521556557744563634e+02
-8.903612020010170909e+02
-1.408802660103567860e+03
-1.468654915212848437e+03
-1.345728793201400777e+03
-8.599026040355970508e+02
-1.501470746939192622e+03
-1.529956589878446493e+03
-1.169502406242577990e+03
-1.191896249713775887e+03
-8.507466423800433404e+02
-1.602586066456223762e+03
-1.396472822797615663e+03
-1.157421356344297692e+03
-1.026408177880322000e+03
-1.391486649250903611e+03
-1.463305475381809401e+03
-9.676882080162286002e+02
-1.282540373686478688e+03
-1.295332450190977170e+03
-1.652423351924169083e+03
-1.502906856381980106e+03
-7.591266444994736275e+02
-1.541667324866773924e+03
-7.621865752163199659e+02
-1.433141501077464000e+03
-1.441248163163735398e+03
-7.589680387722266914e+02
-1.433657773858671135e+03
-1.289195398680220023e+03
-1.206382450020343867e+03
-9.731059102834907435e+02
-1.515805034336411381e+03
-1.540059377639638114e+03
-1.286501950506293269e+03
-9.999510793181744930e+02
-1.703830455543671860e+03
-1.678400671512101098e+03
-8.402201568565038770e+02
-1.459591140634971453e+03
-7.500142843097110017e+02
-1.817583973705127619e+03
-1.507997236326656321e+03
-1.164321416323080030e+03
-1.338655936751720901e+03
-1.867960814916182926e+03
-1.477237393987481255e+03
-1.837214256101956380e+03
-7.602501158376493322e+02
-1.288366932402069551e+03
-1.519510497655754989e+03
-1.612799582959268719e+03
-1.531639571208583675e+03
-7.892663303447678800e+02
-1.278361865412583029e+03
-1.236779482698056881e+03
-1.183797050153197233e+03
-1.579946202387522362e+03
-1.355849891920043547e+03
-1.310670014340109674e+03
-1.584122691824727326e+03
-7.560312174564229508e+02
-9.437280402874171159e+02
-8.668072398541119128e+02
-8.026357527666895066e+02
-1.687261357740750327e+03
-8.968027057894635163e+02
-1.675203249890877487e+03
-1.655883964690033963e+03
-7.625792097010034922e+02
-1.068428438026704498e+03
-1.614771031313037838e+03
-1.159400892471773659e+03
-1.295370530156865470e+03
-1.702137213513686675e+03
-9.338359750932809220e+02
-1.165358273573474435e+03
-1.872905473266537683e+03
-8.728469664663456342e+02
-1.138531249968262273e+03
-7.591756432206742602e+02
-1.757479779113407858e+03
-9.635026075568372335e+02
-1.673290270394940080e+03
-8.594873983525623089e+02
-1.674553509981940579e+03
-7.598039455500608028e+02
-1.325917086898958814e+03
-1.169565127431651490e+03
-1.384226810054659609e+03
-7.484046037422433528e+02
-1.649834426590021849e+03
-1.568998672949336878e+03
-1.081352766926319646e+03
-8.857970490536271200e+02
-1.160034342945448316e+03
-1.736548537548607328e+03
-8.412555489751491677e+02
-1.153670078795697009e+03
-1.728301170915477769e+03
-7.170050465166337972e+02
-9.719413557570510420e+02
-1.754134864795792737e+03
-1.101495093689277155e+03
-1.276274171804244133e+03
-9.664017421168883857e+02
-9.662716682930185925e+02
-8.895019556921216690e+02
-1.621729907222336806e+03
-1.325521353064626283e+03
-8.848459019766072515e+02
-9.392485809944637367e+02
-7.533947534007635340e+02
-1.078824315983712495e+03
-1.838181345498883502e+03
-1.225165401106995205e+03
-1.345621327425181789e+03
-1.506160624276969656e+03
-9.221603050759009648e+02
-8.569314710625744738e+02
-1.472999884597439177e+03
-8.955811472315954234e+02
-9.703321916917575436e+02
-1.357788981266856126e+03
-1.103796499137712317e+03
-1.882340880474851929e+03
-1.309518355573210783e+03
-9.035771446706542065e+02
-1.098528974120805060e+03
-1.310065170328367685e+03
-1.193754061031641641e+03
-1.785606364062747843e+03
-1.240123601075636543e+03
-1.634564553310011661e+03
-8.633300483842945141e+02
-9.888513102463077757e+02
-8.256187159752673779e+02
-9.226106674756321127e+02
-1.164956278751614946e+03
-1.260058298311176031e+03
-1.732866056169889589e+03
-7.571772803747445550e+02
-1.820119407895384029e+03
-8.788580646094942495e+02
-8.989250138179265832e+02
-1.255585878202786489e+03
-1.566947065723727064e+03
-7.632147443384694725e+02
-1.069935314409121474e+03
-8.663023609251047219e+02
-1.788781430067272595e+03
-1.363458107161243788e+03
-8.806584096803343300e+02
-7.630863179392817983e+02
-1.762362819096988915e+03
-7.605874328684427610e+02
-1.211978736877750634e+03
-9.534226411959359666e+02
-1.302705848814850242e+03
-1.397832741237473101e+03
-1.469842702056594362e+03
-1.688742042863807455e+03
-1.442279583226502609e+03
-8.970672233585764843e+02
-1.556609610494606159e+03
-8.686723690330098862e+02
-1.668961835641793414e+03
-1.396517055958432366e+03
-1.869025534687993741e+03
-8.449506477934194209e+02
-1.374607978883326723e+03
-1.621182512657690040e+03
-1.190228896281308835e+03
-1.500511878300131912e+03
-8.646174917248512202e+02
-1.608046515047358980e+03
-1.448521433007929090e+03
-1.744966392312588823e+03
-1.590480065012896375e+03
-8.568297717015516355e+02
-1.266859567069239574e+03
-1.172100747383871294e+03
-1.296751816315369524e+03
-1.742416616783771588e+03
-1.536674592883558489e+03
-1.812220617580811449e+03
-1.076792949302620173e+03
-1.408478672534777843e+03
-8.795712827943713137e+02
-1.479560356245465528e+03
-8.120664419996658125e+02
-1.163280016234223694e+03
-7.468543491100615483e+02
-1.726860139011111642e+03
-1.154970709614553471e+03
-9.952496680503519428e+02
-8.683074704556660208e+02
-1.086475779208364429e+03
-9.070442030943246436e+02
-7.399735534855249171e+02
-1.527659310254468664e+03
-1.759505029397882481e+03
-9.721661917262201769e+02
-9.629887783552729843e+02
-1.356015410651530601e+03
-8.969744073682144290e+02
-9.481433392533925826e+02
-1.600774015500621772e+03
-8.940832065464720699e+02
-1.343146071776543067e+03
-9.651477328498860970e+02
-1.441682388662250787e+03
-7.508392368500603880e+02
-1.010588577724400807e+03
-1.181375522227262536e+03
-1.098389871034990620e+03
-1.350584848186460704e+03
-9.512183927838941599e+02
-1.302140382475596653e+03
-1.804840206353718941e+03
-1.160753231182729223e+03
-1.072020554676947995e+03
-1.731610922740543401e+03
-1.560861851889198078e+03
-1.505145736413757049e+03
-1.312709074690473699e+03
-1.167710785797657309e+03
-1.627019068931557058e+03
-1.324050713377859438e+03
-1.146382242665375543e+03
-1.653278824846171574e+03
-1.354248579683494654e+03
-1.495576408255926253e+03
-9.688425659673096106e+02
-1.067284163963642641e+03
-1.215923590976552532e+03
-1.508239975151572480e+03
-1.390607469310109082e+03
-1.549807166842518427e+03
-9.052897736904923249e+02
-1.254464691416560072e+03
-8.672936408844088874e+02
-1.749130938537983639e+03
-1.057936235221084871e+03
-8.585159457598409745e+02
-1.171574935726424201e+03
-1.893626701411531030e+03
-1.073484529439222570e+03
-1.399214380358453582e+03
-1.828450856059828993e+03
-1.741094439039282406e+03
-1.169869145856828027e+03
-1.317712503919459095e+03
-1.585702116040357623e+03
-1.750250943789096937e+03
-1.191217654660554672e+03
-1.581448811123229689e+03
-7.608970046300730701e+02
-1.632924159302265025e+03
-8.582555715335259947e+02
-8.586025920628225094e+02
-7.770555238905272972e+02
-1.253230266751379531e+03
-1.750692387612866241e+03
-1.080893766426611819e+03
-1.658975315738171730e+03
-1.806405375886157799e+03
-7.587365154045789950e+02
-1.160624146732964391e+03
-1.402233525546266947e+03
-1.028425314999437205e+03
-1.123532045615842662e+03
-9.667446821805292529e+02
-1.387585934587376642e+03
-8.028463899021586485e+02
-1.171120262751177506e+03
-1.277563759368125147e+03
-9.614637130864688288e+02
-8.622988352438436550e+02
-1.270936817754996810e+03
-8.610186235259673140e+02
-8.648726583773467382e+02
-1.300736869826100929e+03
-1.737894595144387949e+03
-1.580816273224781298e+03
-1.360615256748146294e+03
-1.170967270471335723e+03
-1.586298811673653290e+03
-7.389707791161788464e+02
-8.553708810304784720e+02
-9.054942956582923443e+02
-1.118657980891005309e+03
-9.120608628262561979e+02
-1.744926392526111158e+03
-1.492126664034460418e+03
-1.311101463636382960e+03
-1.846229600562532141e+03
-1.635418635366087528e+03
-1.208585765744970331e+03
-1.029561745940303581e+03
-8.332131425944960483e+02
-1.253732901295955571e+03
-9.486417234375743419e+02
-1.170125175647322749e+03
-9.186164044503789228e+02
-1.164504291497550639e+03
-1.292729869972632287e+03
-1.575695372480382730e+03
-1.172124025279937314e+03
-1.009622350909316992e+03
-1.312070477522967849e+03
-1.498390464514382074e+03
-9.101285345802485836e+02
-1.493549285696657762e+03
-1.188613470940891602e+03
-1.803569185290464020e+03
-1.211331429034452185e+03
-1.706353509295922095e+03
-1.431839169809675468e+03
-8.514865873287051272e+02
-8.538552292826271923e+02
-1.030166675279238916e+03
-1.260758534888065697e+03
-1.334577861124533456e+03
-9.752773360243207890e+02
-1.170807523045389189e+03
-1.539188573206223055e+03
-7.531802590287314842e+02
-8.594488075955237036e+02
-1.204072228315226312e+03
-1.355620256293281045e+03
-8.573953719931979549e+02
-1.172448463432658627e+03
-1.068475236173696430e+03
-6.319299904652540363e+02
-1.437195222099012881e+03
-7.500876772264625743e+02
-1.168428153273282305e+03
-1.322476023367162725e+03
-8.616653557349836774e+02
-1.519722774581714930e+03
-1.227019050106369377e+03
-1.146037857908160731e+03
-8.818783700920677120e+02
-9.944008023142356478e+02
-1.503404362904710524e+03
-1.220914654969629055e+03
-8.917998523693314610e+02
-1.694805222316570052e+03
-1.097634212025950092e+03
-1.583049353868194430e+03
-1.168269302744960896e+03
-8.156492931829541249e+02
-9.712254306346759449e+02
-7.624106662736729731e+02
-8.894776537375457792e+02
-8.615538562360599144e+02
-1.612329239896097306e+03
-1.165204504857017355e+03
-1.798624557997300599e+03
-1.361032946436910606e+03
-8.981468918688601661e+02
-1.181341637872073761e+03
-8.616355687369596126e+02
-1.742836927537687643e+03
-1.083408724014677546e+03
-1.500736060946913312e+03
-1.073347266022129361e+03
-1.482322659377057107e+03
-8.702250982560998409e+02
-8.731634365034504981e+02
-8.849233180847895710e+02
-1.638504455350658418e+03
-1.408066530214293152e+03
-9.700673138445828272e+02
-8.725803306958271151e+02
-9.739315815587259522e+02
-1.609339655285097251e+03
-9.729455203268256582e+02
-1.170867176502743632e+03
-1.329671375845228340e+03
-8.666995256927161790e+02
-8.808721509339742397e+02
-1.385692648422853608e+03
-1.736646363375667761e+03
-9.745128278080617292e+02
-1.286755546783205773e+03
-1.196614782126005593e+03
-7.651165189680398271e+02
-1.275942870279681301e+03
-1.430884372159069699e+03
-1.721809946128723368e+03
-1.272707028604748530e+03
-8.799551469891761144e+02
-1.321240040414953910e+03
-1.153324079208860894e+03
-8.710895108487928837e+02
-1.592128830370513924e+03
-7.276470255201661530e+02
-1.026337184549290669e+03
-1.156728236001576306e+03
-1.161615414421208470e+03
-8.740848265390241068e+02
-1.492296722766307767e+03
-1.271098375433587307e+03
-1.067233022843964591e+03
-1.068908563349446467e+03
-1.559396644519418942e+03
-1.217882561273846477e+03
-1.658854030547234970e+03
-1.249403813870673957e+03
-9.409952122854620029e+02
-8.535773100202451360e+02
-1.067384119697053393e+03
-1.339903970924284295e+03
-1.192639359643198532e+03
-1.088050400098193677e+03
-1.178568586021600368e+03
-8.896454709848641187e+02
-1.553197170520198142e+03
-9.829702945769899998e+02
-9.778164963871518012e+02
-1.320395652988533357e+03
-1.599715028604083727e+03
-1.749545692187527948e+03
-8.675853828964505965e+02
-1.815156353597946463e+03
-1.328891399121890800e+03
-7.756600602133526081e+02
-9.512534804961387636e+02
-1.099576297555729070e+03
-1.072957138581552044e+03
-7.494832541419420977e+02
-7.655882779780167766e+02
-1.083190980987728608e+03
-8.577335627540891210e+02
-1.829375470844220445e+03
-8.732894343047995562e+02
-1.078001551105531689e+03
-1.296903992446194934e+03
-1.378858167408746795e+03
-9.720746627372145667e+02
-1.178242062631894214e+03
-1.593731253901386708e+03
-1.459696130518798327e+03
-1.377159047470786618e+03
-1.254059696553003960e+03
-7.583984453250955085e+02
-1.438263286117640973e+03
-1.432600545540775784e+03
-1.459573247858879995e+03
-1.304371685224058638e+03
-9.691000520772624895e+02
-1.337713779612460485e+03
-1.073781170124328128e+03
-8.920676106614398577e+02
-9.679502519193321177e+02
-1.549019700501678017e+03
-1.310014954146147375e+03
-7.935531574803412695e+02
-1.804055944512081851e+03
-9.641050324327507042e+02
-1.630855721714513948e+03
-1.158274175058163792e+03
-1.651056483569062493e+03
-1.135383537607925973e+03
-7.652868462431338230e+02
-1.122856415703253333e+03
-1.093526906913610674e+03
-7.477844162565785382e+02
-1.230579402618719087e+03
-1.345414112804230854e+03
-8.596014225893952698e+02
-1.312871899656611731e+03
-1.068148267476729643e+03
-1.068033582744371643e+03
-8.573361529007239596e+02
-6.976893592943249587e+02
-1.527627063394240395e+03
-1.635646130418641860e+03
-1.062897006456731333e+03
-1.421996735498331191e+03
-8.247839125812348584e+02
-1.188416231799537854e+03
-9.756046180884120531e+02
-1.481695592762274828e+03
-1.003228657098730878e+03
-1.489617951411903732e+03
-1.578341742056946032e+03
-1.713144840640201892e+03
-1.069300730370295923e+03
-7.882166472817094700e+02
-1.681078435398702368e+03
-1.319935905702875289e+03
-1.338645558216115660e+03
-1.390980553214179054e+03
-1.462568682118594324e+03
-1.467764696158286824e+03
-1.070088181553906452e+03
-1.283145874198258980e+03
-9.687205548734588092e+02
-9.930196389040340819e+02
-7.504272578253137453e+02
-8.664726111758759544e+02
-1.277594524887148964e+03
-7.643888151720772157e+02
-7.554646299429033434e+02
-1.255028383315349402e+03
-1.289158338315208084e+03
-1.044204513936122567e+03
-1.080254360163540014e+03
-1.432306434141608406e+03
-1.839352989423446388e+03
-1.711298698012594969e+03
-1.787008166262504346e+03
-1.311048454764320240e+03
-1.344269456401521893e+03
-1.221709426177845444e+03
-7.764467604025473975e+02
-1.262316790609060035e+03
-1.490186862515613029e+03
-7.640037617983488190e+02
-1.661101853313414722e+03
-8.237865105787317361e+02
-1.304560047563678836e+03
-1.168224541294311848e+03
-9.676652002971015918e+02
-7.204003167409988464e+02
-1.455771623989740874e+03
-1.049074058843599914e+03
-1.498127457085622837e+03
-8.959511240370975429e+02
-7.856160839764911543e+02
-1.261558837561081646e+03
-1.507987263137456921e+03
-1.264269359950897524e+03
-1.380003476460863794e+03
-9.605779415442921163e+02
-8.892992072180385321e+02
-1.330503787772144506e+03
-1.062456180680882198e+03
-1.321718853622238839e+03
-7.775045738338155843e+02
-8.613141877537436812e+02
-1.341124307925712401e+03
-1.768934225059273786e+03
-8.973639896422680522e+02
-1.114103171065264632e+03
-1.867099510254081906e+03
-1.794372380594195192e+03
-1.254606655019370919e+03
-1.184589269084789521e+03
-1.195144013342023754e+03
-1.330274143055664581e+03
-1.300309180622863778e+03
-1.070221991501711273e+03
-1.430539124643127934e+03
-1.364694953446573891e+03
-8.699215662888755105e+02
-1.531682279564878399e+03
-8.579455590028127290e+02
-1.478780654563014650e+03
-1.305022275506315054e+03
-1.465710467042663822e+03
-8.674032558002284077e+02
-1.144906571049838703e+03
-1.367147612027029027e+03
-8.606506466903113051e+02
-9.694472271254388716e+02
-1.183125276152685501e+03
-1.069680777473978878e+03
-9.756723933655117662e+02
-1.085412914482547876e+03
-1.676473014528111889e+03
-1.221416524577339032e+03
-1.833370977790812731e+03
-1.702218806665044667e+03
-1.507459279697444572e+03
-1.362368499543887538e+03
-1.170597065542465771e+03
-8.499010071826861576e+02
-1.513322040213557102e+03
-1.295547193658523611e+03
-1.175840498834635355e+03
-9.748859266358952027e+02
-1.201271463218577765e+03
-1.259679404137107440e+03
-8.547575678810189856e+02
-1.765573555457276825e+03
-9.693424115824880118e+02
-8.617546634210600587e+02
-8.791720688851727346e+02
-7.542482623369824069e+02
-1.163958970712314795e+03
-1.313056156346651051e+03
-1.022695495221159831e+03
-8.807880593961691602e+02
-7.680544273051149275e+02
-1.639865477144911438e+03
-1.010913382203156971e+03
-1.382436013312208615e+03
-1.389150429101776581e+03
-8.720350134941487568e+02
-9.663944021801794406e+02
-1.256696859970404603e+03
-1.711638070128295567e+03
-8.845490112339872439e+02
-8.610306366475499544e+02
-8.707598195934464229e+02
-9.686934963635638951e+02
-6.394241634604350111e+02
-1.433985307890231752e+03
-1.159483624835680530e+03
-1.199886069878831222e+03
-1.160031230603805625e+03
-1.169373219053672983e+03
-1.608749722438800518e+03
-9.367070427476721761e+02
-1.715389596431836026e+03
-8.737448529203833232e+02
-8.925738155528679272e+02
-1.589508660445652140e+03
-1.801962940060127266e+03
-7.485016087239184799e+02
-1.275271553527238893e+03
-9.062786505390814682e+02
-8.835397942968427287e+02
-1.398383774205210557e+03
-1.454829974153797593e+03
-1.620380420024016985e+03
-1.336501592064468923e+03
-8.460106444353294819e+02
-1.780050000202583760e+03
-1.236232826304955552e+03
-8.757585719927129730e+02
-1.068906430613964631e+03
-1.785473236352375807e+03
-8.880739077013369069e+02
-1.543349869497048303e+03
-1.649348865274175978e+03
-8.882329621156378607e+02
-8.260535891206332053e+02
-8.609102634173334536e+02
-1.599541606501232081e+03
-7.505888673804238351e+02
-1.063840660104860490e+03
-1.526673135745714944e+03
-1.662156613002071254e+03
-1.266157372649003946e+03
-8.769853085509188304e+02
-1.312492801814148152e+03
-1.179945121836292628e+03
-8.675214281595212924e+02
-9.678007985168064806e+02
-9.516161934916643759e+02
-1.600561479400354528e+03
-1.672930790142213255e+03
-1.482358374937335157e+03
-1.072307756678972282e+03
-9.697716176409741138e+02
-1.188479655113414310e+03
-1.526776810392683274e+03
-9.734674626837096412e+02
-9.674846211549943291e+02
-1.412210612426613352e+03
-8.834522585122779219e+02
-1.700621140534283541e+03
-1.835447252931016010e+03
-1.627258147607319870e+03
-1.817859737520384897e+03
-1.513347405392220253e+03
-1.156924659699911444e+03
-1.770176254243357562e+03
-1.278629122785408754e+03
-1.749612029432016925e+03
-1.717917888559325775e+03
-1.423274728881130613e+03
-1.199660594994583789e+03
-8.213112973347234629e+02
-9.661711560441229949e+02
-1.547684501999165605e+03
-1.459491997601693811e+03
-1.594336153667186409e+03
-1.648068791866866377e+03
-1.144398457678218847e+03
-8.918806414430528093e+02
-1.174048054054077511e+03
-1.710153971065518590e+03
-1.768112901154279371e+03
-1.357697602039909498e+03
-1.675381368036288222e+03
-1.509955169845548653e+03
-9.449158926691909528e+02
-9.062883838680446615e+02
-1.304798049414008119e+03
-7.504032422738260948e+02
-7.520233117003281222e+02
-1.646278576723212382e+03
-9.591325504822563062e+02
-1.275639564717548865e+03
-8.315355697653158131e+02
-1.727727948246248161e+03
-1.152851347520570016e+03
-1.851957861506721883e+03
-1.176232263230431727e+03
-1.425242691628773855e+03
-1.210161385497772699e+03
-1.750520425332869081e+03
-1.230538034635425902e+03
-1.179206125016050692e+03
-7.981429246976490504e+02
-1.637347771016281058e+03
-7.840263822573223251e+02
-1.125044049717121425e+03
-1.789925801421738925e+03
-1.180940281836128861e+03
-1.209920441117295240e+03
-7.814970142835023807e+02
-1.531603488255308548e+03
-1.169932100042476350e+03
-1.257582275649281200e+03
-8.760672839293861216e+02
-1.573888170168775559e+03
-1.566897583466276274e+03
-1.824758856309708335e+03
-1.316487740905151441e+03
-8.803062211919984748e+02
-1.695898843380032758e+03
-9.839175684443944192e+02
-1.281560767442585757e+03
-1.561139802036313540e+03
-8.523328971855182772e+02
-1.006539807902458392e+03
-9.672596776090117601e+02
-1.490888784001682325e+03
-1.655536140799051964e+03
-1.688507740772144189e+03
-1.058860823412654781e+03
-1.575835644709218059e+03
-1.276782372988519683e+03
-1.292729589757454278e+03
-9.334878704579595023e+02
-1.174187839094269293e+03
-1.509254454103953094e+03
-9.622530551316324363e+02
-8.986524962230612346e+02
-1.639605087752406007e+03
-1.601627876898531667e+03
-1.451281444435221374e+03
-1.128796552106920899e+03
-1.393937169922706744e+03
-1.492156076015330427e+03
-1.760736408008509216e+03
-1.183090232034413930e+03
-9.720665259199273578e+02
-1.001075296903163576e+03
-7.568429098966755646e+02
-9.687864516280476437e+02
-9.305090231373870893e+02
-1.087884030048674958e+03
-1.066967577040463993e+03
-1.539409535894690180e+03
-1.141842279863163640e+03
-1.334465338991345334e+03
-1.541585997892074829e+03
-1.796979648980340471e+03
-1.709909474963876164e+03
-1.169560904451040187e+03
-1.609295651865773380e+03
-1.480706824184797370e+03
-1.070445281291408492e+03
-1.082874187878995599e+03
-1.527382194528554919e+03
-8.669006029401938349e+02
-1.062514140868967388e+03
-8.948963932734372975e+02
-1.173135820932560819e+03
-1.071135764528175969e+03
-1.348303293745427027e+03
-1.118190199829530002e+03
-9.729495793953077509e+02
-1.457346307625430654e+03
-7.574062791047640530e+02
-8.400982598799386096e+02
-1.383700899658131220e+03
-1.070814757700685050e+03
-1.418882731712634268e+03
-7.611895109624284714e+02
-7.404038762019115438e+02
-1.171852941451598326e+03
-1.155490289544259895e+03
-1.328505908413887028e+03
-1.679385486204503877e+03
-1.471189540519593720e+03
-9.709936948697857133e+02
-1.347261609035090714e+03
-9.649316177046367784e+02
-1.328570769243860241e+03
-1.066487228581874433e+03
-1.325229969162981888e+03
-1.291822965703200680e+03
-1.173681065865765504e+03
-9.003944706175062720e+02
-9.710682448012917121e+02
-1.153411210118854797e+03
-1.050195297745733797e+03
-1.189977121245761964e+03
-7.529274753577797128e+02
-1.671402523165477078e+03
-1.648520843668594125e+03
-1.295747584396449383e+03
-1.045471400957779451e+03
-7.798528058992533261e+02
-1.072404312797574676e+03
-1.291961296235743930e+03
-1.283943839315339801e+03
-1.803255081458962877e+03
-8.853027494623094071e+02
-8.785095808830756141e+02
-9.659280778785625898e+02
-1.774166121799590655e+03
-1.170990034946702281e+03
-1.172151089869924817e+03
-1.068372329196420424e+03
-8.695392834349750046e+02
-1.416920705883796245e+03
-1.070993347127312063e+03
-8.625651403643738604e+02
-7.340339133128187541e+02
-1.234285102010755509e+03
-1.191787210038194416e+03
-7.715183677490858827e+02
-1.515508706551657724e+03
-1.174557209277572383e+03
-8.864166343875667735e+02
-1.279873526566959754e+03
-1.517628985773817249e+03
-9.019431872830665498e+02
-8.091996395055623452e+02
-7.484857616119841168e+02
-1.072688138601372884e+03
-9.706617509044234566e+02
-1.071370871452854090e+03
-1.658035220519649783e+03
-9.755897325487408125e+02
-8.745594143780622289e+02
-1.334920048687394456e+03
-1.183161514725181632e+03
-1.278331532047845258e+03
-8.051277621107573168e+02
-1.178999419017107584e+03
-1.171846567558224478e+03
-1.462336891122916313e+03
-1.305136322725129730e+03
-8.699447536895411304e+02
-1.074371749021179994e+03
-7.630183276955382325e+02
-1.635361623756617746e+03
-1.595863537203583746e+03
-1.293282289809280428e+03
-1.488686634958446803e+03
-1.335549976794203531e+03
-1.263565940432299840e+03
-1.589256217524275598e+03
-1.781063946812268796e+03
-8.955655737389489559e+02
-1.821380196495173550e+03
-1.830359425963356216e+03
-1.015747945829852029e+03
-1.295900933892445892e+03
-8.832646090596208523e+02
-1.284868256484594667e+03
-1.784509522973476123e+03
-1.303011318512232947e+03
-1.359467466029085699e+03
-1.185365452112443336e+03
-1.069132562949808971e+03
-1.627285971008317802e+03
-1.250071086945670913e+03
-1.542988704752220656e+03
-1.431204425480262671e+03
-9.559477879168980508e+02
-7.762345096757185274e+02
-1.649103645971149717e+03
-9.804893786871040220e+02
-1.069430861056149752e+03
-1.874910688085707989e+03
-1.493711698884809721e+03
-1.121009414188214578e+03
-7.538824148537277097e+02
-1.605192689298466121e+03
-7.911379947833280539e+02
-1.168308675174312611e+03
-1.327487644663501669e+03
-9.562530488883724047e+02
-1.270361292384628769e+03
-1.243000325189598243e+03
-1.632992100387442406e+03
-9.583458228918441364e+02
-1.076608498435770116e+03
-9.936187297693459186e+02
-1.459769514941350963e+03
-1.257016603139300287e+03
-1.531599725325599593e+03
-6.313464452572055734e+02
-1.862001678009126181e+03
-7.588620756473043230e+02
-1.185229960506587986e+03
-9.868919545064271688e+02
-1.245916422178283028e+03
-1.633191717873622110e+03
-9.019981646099776071e+02
-1.566966563995435308e+03
-1.215769000016012114e+03
-9.974914710576408652e+02
-1.172408232672540180e+03
-1.209346242743488119e+03
-1.676899900236363237e+03
-1.174919376429342492e+03
-1.249584125301840686e+03
-8.930406788874429367e+02
-1.075463552145016592e+03
-1.504781497398505280e+03
-1.076375330388603061e+03
-9.633118912728554051e+02
-1.038001322547301470e+03
-1.096084332423097294e+03
-1.170132507926835842e+03
-1.864201884951589591e+03
-7.480407406629383331e+02
-1.325960220659295373e+03
-8.616157171883444335e+02
-1.474908084417180135e+03
-1.278474111629612707e+03
-7.567312330562266425e+02
-1.267224029584871005e+03
-1.457118412395856694e+03
-1.159694579083171448e+03
-1.659907408313137694e+03
-1.100375612744149066e+03
-1.544568096461858886e+03
-1.270205625846539533e+03
-1.577551073884614425e+03
-1.473536330504146918e+03
-8.227850477443180353e+02
-1.417274672344348119e+03
-9.684162405390583217e+02
-1.499546492276351501e+03
-1.738392055976479696e+03
-1.467692364782182040e+03
-1.471721784219234678e+03
-1.172801394504260543e+03
-1.179136247871359501e+03
-1.152693635005008218e+03
-1.263777763809139287e+03
-8.894548193196080774e+02
-1.309445132977021785e+03
-8.679490900601354042e+02
-1.413901073647443127e+03
-1.654171437357355444e+03
-1.273268573332485403e+03
-7.457879558346244266e+02
-8.990931124856440420e+02
-1.259942192027075635e+03
-9.040417328370164114e+02
-1.264911992151418190e+03
-1.174510356652953533e+03
-1.170731344006010886e+03
-9.190027703456456720e+02
-1.220664919388012777e+03
-1.070042237986147938e+03
-7.897590825615106951e+02
-7.679273047436406614e+02
-1.236075169512683487e+03
-7.635222551824800803e+02
-7.757529041664008673e+02
-1.211835619319340367e+03
-7.602752648399280133e+02
-8.388465053873262605e+02
-1.512846260514207870e+03
-1.344396805611051377e+03
-8.808443313608615881e+02
-1.080811544019737767e+03
-1.017136559307607854e+03
-1.768232835922714457e+03
-1.143177397935875661e+03
-1.167524620733258644e+03
-1.496226737255376293e+03
-1.438540915307056139e+03
-1.794942215742979897e+03
-1.199424459976966546e+03
-1.756259008676797748e+03
-9.690252120480893154e+02
-1.296876248490373428e+03
-1.690263193093828704e+03
-1.063077662960220550e+03
-7.444791692930842828e+02
-1.279961529803590565e+03
-1.201961858675754684e+03
-9.628955421722292840e+02
-1.614114438511058097e+03
-1.290449825006826359e+03
-1.451466094530002465e+03
-1.139868606096883923e+03
-1.069343259173172555e+03
-8.646839817876315237e+02
-8.819789171444905378e+02
-1.279313230957528276e+03
-1.734662141617990073e+03
-7.506980876497208328e+02
-1.594045258270019531e+03
-1.295146518828707258e+03
-1.071197499077868770e+03
-1.226145395322933155e+03
-1.402626765814975215e+03
-1.733765108227348492e+03
-1.757872848612168582e+03
-1.169953755166221526e+03
-1.367574607884767829e+03
-7.493451993778274982e+02
-7.474218041738785132e+02
-1.598738178983653825e+03
-8.687536701097751575e+02
-7.881974840760508414e+02
-1.392038159920694397e+03
-8.825169484544848046e+02
-1.704862509547912396e+03
-8.697423369420137078e+02
-1.560768617111014009e+03
-8.719671797641813100e+02
-1.500327695676832263e+03
-1.060898490250844588e+03
-8.642913106580542717e+02
-1.709510867679323155e+03
-1.189224454599853061e+03
-1.153174015488773193e+03
-1.303678247514743816e+03
-1.061934364805424138e+03
-1.051828587411793933e+03
-1.451836322224281730e+03
-9.669771718959556210e+02
-1.529110467493085707e+03
-7.286152437423114634e+02
-1.337170899315243787e+03
-8.337726180512541987e+02
-1.313365794295712931e+03
-1.498696139856968557e+03
-1.397069405292262445e+03
-1.193792961313895375e+03
-8.268701336562772894e+02
-8.927877348498753918e+02
-8.599699779914070632e+02
-1.675829188467415406e+03
-1.542762515717601218e+03
-8.662799780619820922e+02
-9.687187175845866705e+02
-1.122834298811497092e+03
-9.918458051636036998e+02
-1.356481785531654623e+03
-7.759469835779212872e+02
-8.696384450509299313e+02
-1.163924004609126314e+03
-1.641775783604233993e+03
-1.336526934324703234e+03
-1.424699592614521407e+03
-9.150731370003952634e+02
-1.435511169605144232e+03
-1.068868275451321097e+03
-1.482406519154511898e+03
-1.442486138149705766e+03
-9.734195813930236909e+02
-1.408459608348542361e+03
-1.353966354613572548e+03
-1.101418960267387774e+03
-1.169059794921141474e+03
-1.595392194550093109e+03
-1.279916430109211660e+03
-1.562603817438033047e+03
-9.282648804008521211e+02
-1.373998427054757940e+03
-9.098524597889399956e+02
-1.754477288074721400e+03
-1.739234414769359546e+03
-9.656327997417474762e+02
-8.605358275343023706e+02
-7.132633078067832457e+02
-1.282642541853344028e+03
-1.537609638095641003e+03
-1.185361585849367202e+03
-1.328650283092023074e+03
-1.440289580649340451e+03
-1.171239986915098825e+03
-1.073002491572091913e+03
-1.444332026762175929e+03
-1.289447240731546344e+03
-9.772530098310356834e+02
-9.673210737206668455e+02
-1.052019284220946020e+03
-1.722842567544499389e+03
-1.171425914435274308e+03
-8.666681768912287680e+02
-1.778038484179603529e+03
-1.463027983672572873e+03
-1.181035030248004659e+03
-1.366243972373207043e+03
-1.637623092945538701e+03
-1.816196605029815146e+03
-1.518346787274864255e+03
-8.904866506485834634e+02
-1.181511092290748365e+03
-7.423936591871849942e+02
-1.314613031819556682e+03
-1.654999615942228047e+03
-1.839316029671189654e+03
-1.314661553051818146e+03
-1.104530423243626274e+03
-1.830179679036496964e+03
-1.284993935618976138e+03
-1.709888985962918923e+03
-1.064705210874210479e+03
-1.347539380056312666e+03
-1.126509121096212539e+03
-1.337967346524867935e+03
-1.173627457473900449e+03
-1.240045883332396443e+03
-1.069626830601916481e+03
-1.439343691030713444e+03
-1.727008923895378530e+03
-1.449675434387134146e+03
-8.769499859286814853e+02
-8.876809456545996682e+02
-1.732121561394368428e+03
-8.764518482710601575e+02
-1.271235060604568616e+03
-1.643619086778453720e+03
-1.388523472205956296e+03
-1.164853642257297679e+03
-7.493378414298070993e+02
-7.569312627812122400e+02
-1.554982328642766788e+03
-1.410190763580290422e+03
-1.329685557744908920e+03
-7.574261336417923758e+02
-1.209826001127019708e+03
-9.710333363648533123e+02
-1.739954746335713025e+03
-1.425785406187642366e+03
-7.696944173260686739e+02
-1.370502236940250896e+03
-1.069088482455829080e+03
-1.257152918436012897e+03
-1.520902093488550008e+03
-1.086176219619341737e+03
-1.410127984920686231e+03
-1.299667447194150782e+03
-9.907048637851722788e+02
-1.465884217801843761e+03
-1.129480517097571237e+03
-7.474483057393518948e+02
-1.798465046668644163e+03
-1.434047183342624294e+03
-1.259513558993998913e+03
-1.720746255388081408e+03
-1.708801006085495146e+03
-1.652135148111441595e+03
-7.629633124491381295e+02
-1.385427374827105723e+03
-1.401875043873414597e+03
-8.659218594767730792e+02
-8.770694104440414094e+02
-8.707162128730562927e+02
-8.535058871859419014e+02
-7.557138314090108224e+02
-1.439558611371864799e+03
-1.232343988371690557e+03
-1.171096302316407673e+03
-1.669109976760069912e+03
-8.438957787486333473e+02
-1.504249107881889813e+03
-1.658449670314288369e+03
-8.789169874062074541e+02
-1.055909422670592676e+03
-1.528521443470228633e+03
-1.250489023768549487e+03
-9.711741105992109624e+02
-1.399638073335447871e+03
-1.830860832806722556e+03
-1.072463342588293017e+03
-1.288431814460370333e+03
-1.590318306205844010e+03
-9.710492584950538912e+02
-1.598543809381924802e+03
-1.194151210152904923e+03
-1.564970166458864696e+03
-1.421867269200758983e+03
-1.343715306132999558e+03
-1.180492724256518386e+03
-1.182064430902335289e+03
-7.953725993772721949e+02
-1.731989685664973877e+03
-1.088061794737075843e+03
-1.292780272343357638e+03
-9.325576365031801060e+02
-1.091209684060694599e+03
-1.730876247305220431e+03
-1.586339071463845812e+03
-1.076741106920117090e+03
-1.761085346078703196e+03
-1.372247189247771757e+03
-1.390201355303225455e+03
-1.600549959993984430e+03
-1.461892990230742726e+03
-1.593375094450670758e+03
-1.121979561191117227e+03
-1.599236536222811537e+03
-1.400753573002768462e+03
-9.686126947691180931e+02
-8.044915684463172738e+02
-1.177489637843131732e+03
-7.262825478561021555e+02
-1.602512802841109078e+03
-8.592689330095346349e+02
-1.055174520584851962e+03
-1.160741521741403176e+03
-8.666152939356577463e+02
-1.300335040873039588e+03
-8.427835664691082229e+02
-1.545615909868037761e+03
-1.525040917328162095e+03
-1.299076415976916451e+03
-1.759186030724078137e+03
-1.498571007021305149e+03
-1.827414019901909342e+03
-1.063685993104925046e+03
-8.713020949361214207e+02
-1.091098095628009105e+03
-7.490938790501456879e+02
-8.587880266817355732e+02
-9.705022300616742541e+02
-9.240726176597316908e+02
-1.062381574044236686e+03
-9.830947050792584605e+02
-1.434886939293358409e+03
-1.496957742525628419e+03
-1.034119497556494935e+03
-1.496490175237996027e+03
-1.829128519712669913e+03
-1.134569090810050739e+03
-1.760650566184040827e+03
-1.551242401887518326e+03
-1.847915549886816052e+03
-9.527090180556225505e+02
-1.178914841214679882e+03
-1.476787902596085814e+03
-8.732653450782678419e+02
-8.958173322915766903e+02
-1.521893607638198546e+03
-7.686265971688341097e+02
-1.087740815941108622e+03
-1.644549319913344107e+03
-8.526496226563858727e+02
-1.089225074283842105e+03
-1.326965775610405672e+03
-1.679220232607279286e+03
-1.123319854817475516e+03
-1.383968993462849539e+03
-1.280448271888551972e+03
-1.172912922118282268e+03
-1.062185932585797218e+03
-7.935339937899598226e+02
-9.698245404031260932e+02
-7.646627392991066472e+02
-8.818693325547939139e+02
-8.670430885520536322e+02
-1.668377748082686594e+03
-1.601502311577544333e+03
-1.669409037894163703e+03
-1.741690381534568587e+03
-1.132842273005459674e+03
-1.261771147015201450e+03
-1.007003213259033259e+03
-1.323012332700003981e+03
-1.566356984248794333e+03
-1.762111279126319914e+03
-1.170328296628442104e+03
-1.398530581335862053e+03
-1.491669561475593355e+03
-1.513229421560787841e+03
-1.600121810219666486e+03
-1.247540487423953664e+03
-1.731213114275321004e+03
-1.023943808504968615e+03
-1.375995419347717871e+03
-8.741174677316645329e+02
-1.209611933257024020e+03
-1.822325479867324930e+03
-1.436352171909756180e+03
-1.057474257587620968e+03
-1.554024670761749803e+03
-1.255625142679674127e+03
-1.697415114659069332e+03
-7.539975257629657790e+02
-1.292113914297420934e+03
-1.152128679111721112e+03
-9.737505270073141901e+02
-1.645625379769194751e+03
-1.236820872705734701e+03
-1.713119274237351192e+03
-1.295487677092595504e+03
-7.875457096844953639e+02
-1.072205970900032071e+03
-1.047903491981724756e+03
-1.385611291435362091e+03
-1.439449368689406128e+03
-8.760909157924691044e+02
-8.867004248871497794e+02
-7.719145010267676525e+02
-1.271198022558355660e+03
-1.193299946909620530e+03
-1.277948947797579194e+03
-9.436031458531490443e+02
-9.378370549026381013e+02
-1.498144528092277824e+03
-8.872804147445579019e+02
-9.031350375524447145e+02
-9.408801556575443783e+02
-1.536462512086845436e+03
-8.578544700818487172e+02
-1.469749402999634185e+03
-9.852728293742511596e+02
-1.617511158809589233e+03
-1.014120908294743344e+03
-1.679282265658483084e+03
-1.068983344960420254e+03
-1.323438364226566364e+03
-1.721836228820533051e+03
-1.756846630499350113e+03
-1.530008557314714835e+03
-1.074188941447032903e+03
-1.179043821730245327e+03
-8.875993198923871432e+02
-1.383589775988745714e+03
-1.689305266641602429e+03
-8.522306113780961141e+02
-1.410628919401174699e+03
-7.729178582803274367e+02
-1.077947819582043167e+03
-1.634346565611773485e+03
-1.629025665512370551e+03
-8.608124562029966000e+02
-1.740246340781529398e+03
-1.330624774743931994e+03
-8.562687093541767354e+02
-9.700877838029002760e+02
-1.412493274894696924e+03
-1.041307300600050212e+03
-1.795701997206213264e+03
-8.877747754496219841e+02
-1.582042013645042516e+03
-1.398202967061591835e+03
-1.631013382799114652e+03
-1.061833438173186323e+03
-7.454351476539233090e+02
-1.820857804360169439e+03
-1.077133995206806503e+03
-1.599481722072732964e+03
-7.405043531278276987e+02
-8.633520814524282514e+02
-1.584104357510881982e+03
-1.513085865713462454e+03
-1.597474883442676855e+03
-1.742458193374667189e+03
-1.363014118162877367e+03
-1.205566492516718654e+03
-1.072367227953881866e+03
-1.599213207729780152e+03
-1.279127941217650687e+03
-1.182737355871745876e+03
-1.463998764914539152e+03
-1.509033184181394063e+03
-8.529599989209892783e+02
-1.502321898355895883e+03
-1.056057856929385252e+03
-7.555798109662279103e+02
-1.060681100124926161e+03
-8.859484131584845272e+02
-1.794270484459521185e+03
-1.308782371488574881e+03
-1.782557904411072741e+03
-1.647168256078684408e+03
-1.817985270411042620e+03
-1.595157880606357821e+03
-1.489112241655259140e+03
-8.501567269621897367e+02
-1.096356077996188333e+03
-1.677585887216249603e+03
-1.776685335481643278e+03
-1.098635991792076311e+03
-1.171926155268609591e+03
-1.063915386050110556e+03
-8.203753591259671794e+02
-9.630383662805018048e+02
-8.662216502839684154e+02
-1.411431613731961988e+03
-1.629399081604696448e+03
-1.263068501399459365e+03
-1.439516331789053993e+03
-1.420378653750669173e+03
-1.271328509927360528e+03
-1.348832709456480416e+03
-1.501533344203690149e+03
-1.284664589118460299e+03
-1.397448039698553657e+03
-7.504637746598973536e+02
-1.073657176306028987e+03
-1.069923661938606983e+03
-1.332041419143048870e+03
-1.279242725748817520e+03
-1.318832665842367987e+03
-1.728262951291424315e+03
-1.360063411555295943e+03
-1.089370378631180529e+03
-1.457645954846877430e+03
-1.264986406970586813e+03
-7.929946254039866744e+02
-9.661203306498564416e+02
-1.174057675912576087e+03
-8.782514579351606017e+02
-9.614217489341838245e+02
-1.590039215999538101e+03
-1.666145257029415234e+03
-1.806262351566204416e+03
-8.832744854755517281e+02
-8.419456194444890116e+02
-1.172402884732412531e+03
-1.576324939449049680e+03
-7.839433749871902819e+02
-9.866146135080263093e+02
-1.299914980588450362e+03
-1.310620167361773156e+03
-1.392194698480857824e+03
-1.774892532431210839e+03
-8.622805550835288386e+02
-1.442599505232594538e+03
-1.639393397385969593e+03
-1.287392753637052465e+03
-1.174458666462728388e+03
-8.623349912898316916e+02
-1.444165897672878828e+03
-1.600592719083511838e+03
-1.528514242392125652e+03
-1.868322588776505881e+03
-1.785504326625862177e+03
-7.535385434703732699e+02
-1.059175829731834938e+03
-1.785522965573483816e+03
-1.061158061894683215e+03
-1.321026451053427763e+03
-1.355515173391295320e+03
-1.268171172178087772e+03
-1.073974506556575989e+03
-1.065505165580490484e+03
-1.424174184520119297e+03
-1.240804126607715261e+03
-1.715924347842147654e+03
-1.282179066206027755e+03
-9.710371636275535820e+02
-1.794821627500362183e+03
-1.296576113706341175e+03
-1.695581636602450999e+03
-6.291524280877620185e+02
-1.434162543287397511e+03
-1.538954185434670080e+03
-1.801315002577397308e+03
-1.615758640835691949e+03
-1.056347707069326134e+03
-1.552629411188713220e+03
-1.808145439950255195e+03
-1.152500462882975398e+03
-9.697176387900229884e+02
-8.799642761598349807e+02
-7.648198189540460135e+02
-8.663752140208589481e+02
-8.345948503107192664e+02
-1.226282878492763984e+03
-7.377025205746510892e+02
-9.708825847279659911e+02
-1.590918199374895494e+03
-1.289106086335503733e+03
-1.614504477419509612e+03
-1.327383292539700960e+03
-7.746813882923250958e+02
-9.712547368018981615e+02
-9.677138982493959247e+02
-1.523140334867543515e+03
-1.484803011357386595e+03
-7.593112920420376213e+02
-1.320899128969668709e+03
-8.560652735892628016e+02
-9.627237656807573103e+02
-1.644917913691844205e+03
-1.060716417741743271e+03
-1.362036649960758268e+03
-1.081079209480151576e+03
-1.477746067303738528e+03
-1.746898294319742035e+03
-8.854133697409096158e+02
-1.249662197579182475e+03
-8.624458684665606825e+02
-1.850562432814562499e+03
-1.293564883574536680e+03
-1.295782580213698566e+03
-1.325151218071414633e+03
-1.184040293461818919e+03
-1.064501345196135389e+03
-9.243354122246956877e+02
-8.619050835943571656e+02
-1.067750576888942987e+03
-1.224878419927832510e+03
-9.655912451799787277e+02
-9.578704590580197191e+02
-7.402915366957907963e+02
-1.814857248801920150e+03
-1.782103146501258834e+03
-1.403362521865752797e+03
-1.506678574449159896e+03
-8.645841820294233457e+02
-1.160314796422796007e+03
-9.663204062992681429e+02
-1.280693386876952445e+03
-1.506372798041362785e+03
-1.556435664650660783e+03
-1.511409806044766810e+03
-1.216097887918682773e+03
-1.180739610641228410e+03
-8.837025416537670708e+02
-9.114686750464162515e+02
-9.707404992462492146e+02
-1.546203940763748278e+03
-1.175160421694503611e+03
-9.684362621620848586e+02
-1.341275365882918550e+03
-7.690517527727151901e+02
-8.685904910576715565e+02
-8.562021567705166945e+02
-9.060260342471769945e+02
-1.598923883563242043e+03
-1.466610702649530140e+03
-1.402483398913231667e+03
-8.020292546696911131e+02
-8.959852653738754498e+02
-9.659027213218597581e+02
-1.494208753312548424e+03
-1.666506530297701374e+03
-8.592665373297577389e+02
-1.098061407736141518e+03
-8.467888460830051827e+02
-1.518623776484469090e+03
-1.687710794849229387e+03
-9.657988174320889811e+02
-1.497784671809532711e+03
-1.710121379987039063e+03
-9.401780993554020824e+02
-1.196639085901006183e+03
-1.087700443321181410e+03
-1.095860654336784137e+03
-1.419033170787991367e+03
-1.773290856771064227e+03
-1.073786063724927317e+03
-1.530724332116614050e+03
-1.071732517614506150e+03
-9.534269121077112459e+02
-1.167130698249413626e+03
-1.670933432594067654e+03
-1.064962498649845202e+03
-1.067844182579182416e+03
-1.337415808789132598e+03
-1.062645271191785014e+03
-8.488227645311725382e+02
-8.985828997109758802e+02
-7.699383967277047986e+02
-1.259618643291145190e+03
-1.538136414365039172e+03
-9.141963629580595807e+02
-1.078245658339674037e+03
-9.651389410884478366e+02
-1.104278044987612930e+03
-1.332287736961128076e+03
-7.581088832149322343e+02
-1.541528122524337505e+03
-8.931342983064453165e+02
-1.408868036308215551e+03
-1.054466054225586277e+03
-1.097371752852270902e+03
-1.048628412013187926e+03
-1.282526785950545445e+03
-1.540014705107843156e+03
-1.186778540836935235e+03
-1.720466088923384632e+03
-1.441106538879399068e+03
-1.085879703002689894e+03
-1.359787369203308572e+03
-1.397013023121663764e+03
-1.559065143463737286e+03
-7.633467446233715918e+02
-8.663025762539353991e+02
-8.449653876037602913e+02
-1.818941696342482146e+03
-8.924953645053554965e+02
-1.746741665679730886e+03
-1.463254018255092205e+03
-1.619546459110133583e+03
-1.807799768977756003e+03
-1.040314473408957156e+03
-1.767985179017561677e+03
-1.606443672519120582e+03
-1.323575656719959170e+03
-1.265237144361197124e+03
-1.179776318582657268e+03
-1.341258286247880051e+03
-1.071805071562463581e+03
-8.249041812353729028e+02
-8.716498998776975213e+02
-8.656288858927695173e+02
-1.385419050920843119e+03
-9.626219012283105485e+02
-1.501173457571649578e+03
-8.629906690212951617e+02
-1.480114749339995797e+03
-1.288236395333121209e+03
-1.006939874484811980e+03
-1.351643466254752639e+03
-1.274518080397177300e+03
-1.565733985009050684e+03
-1.318699560726123764e+03
-1.088043997588054253e+03
-1.410523877272244818e+03
-1.165172337485313392e+03
-8.782643600664481482e+02
-1.072853507436934933e+03
-8.732617219519164564e+02
-1.664024828859035779e+03
-1.235290096103921087e+03
-1.044112980844269259e+03
-1.173419794127813020e+03
-9.846573016759833763e+02
-1.546326575818343599e+03
-8.789397869527672356e+02
-8.854177704822877786e+02
-1.000593410677503471e+03
-1.682069745596528037e+03
-7.510008808738347170e+02
-1.075053084697244230e+03
-1.597725383382078462e+03
-1.701157536522619694e+03
-9.794144265395769935e+02
-7.786285578056752001e+02
-7.532471423950623830e+02
-1.903596213972841269e+03
-1.166484582724745906e+03
-1.070168328008071967e+03
-9.532047730194218502e+02
-1.359069592842565498e+03
-1.028535579425468995e+03
-1.281112185184871350e+03
-7.445520056616352349e+02
-8.656855621368180209e+02
-1.651632989295650304e+03
-9.721961133886611606e+02
-1.440232028257997626e+03
-8.718514224328863520e+02
-1.530070440646595671e+03
-1.180433779905013807e+03
-1.463642917784055044e+03
-1.372231209055671343e+03
-1.301939698350819299e+03
-1.560231823012809855e+03
-8.846254153101847351e+02
-1.718999132108077902e+03
-1.164035208361993909e+03
-1.349776325703957582e+03
-1.134532377825688400e+03
-8.582876588977409256e+02
-1.576872967081373645e+03
-7.637005173523713211e+02
-1.330846167410993758e+03
-1.073993912383534280e+03
-1.122642434404073583e+03
-1.463654721801994356e+03
-8.747246850119125838e+02
-1.540138643930483568e+03
-8.222390536361963314e+02
-1.522816428650241050e+03
-1.782956544792730710e+03
-8.266925917280798330e+02
-9.674654907134517998e+02
-1.706542664925093277e+03
-1.177378655384825151e+03
-8.819963314222753752e+02
-1.272849049005776578e+03
-7.724146086807194251e+02
-1.511972183648465261e+03
-1.698997360793590587e+03
-9.484257576174168207e+02
-1.522884409313258857e+03
-1.084243419205222153e+03
-1.081776733520610378e+03
-7.539766312298361299e+02
-1.682184460684383339e+03
-1.569263522133519245e+03
-6.495539530408269684e+02
-1.294509902910842811e+03
-1.747383328911358831e+03
-9.842773245750535125e+02
-1.471468409692707382e+03
-1.311026508899667988e+03
-1.425599717873079953e+03
-1.158931865360715619e+03
-1.758363805290085793e+03
-1.725124027201214403e+03
-1.032464034534840494e+03
-8.972829566251167535e+02
-1.350432720017499150e+03
-1.583928371643306946e+03
-1.315810106832954034e+03
-1.379824615773040250e+03
-1.006710466506007606e+03
-9.965741256310187737e+02
-1.318716565117072832e+03
-1.794310045832219203e+03
-1.317761909292067685e+03
-9.815818455634197335e+02
-8.548410684542562876e+02
-1.547938075685828835e+03
-1.156013634409581755e+03
-1.492714055943974927e+03
-1.561047501422248843e+03
-6.192905254980994414e+02
-1.763931346227610220e+03
-1.179543524151935344e+03
-1.166208074027777684e+03
-8.568580455808795477e+02
-1.150520729020410272e+03
-1.219501002237124794e+03
-1.808976483903996268e+03
-1.655226228666985435e+03
-9.653685884181132906e+02
-1.447208177318257412e+03
-1.231428635141109908e+03
-1.584584050792681865e+03
-1.174077723095938154e+03
-1.637634090931253468e+03
-1.475240460999711331e+03
-1.703533267116614297e+03
-1.117912430182155504e+03
-1.507949514891761737e+03
-9.024619941235480383e+02
-1.800689333605713045e+03
-8.592037185997322695e+02
-1.281378097441461705e+03
-8.394038550284457187e+02
-1.169995572268983324e+03
-1.757664545331270574e+03
-1.578145921703023987e+03
-1.335894121533353882e+03
-1.153435297902130060e+03
-1.304419758078499399e+03
-1.516464374784642587e+03
-1.187749991194483300e+03
-1.697789145483766333e+03
-1.131415226128960740e+03
-1.447734913859895187e+03
-1.345807494222286778e+03
-8.995517627349430541e+02
-1.327142661015112708e+03
-1.479773034086913185e+03
-8.888007434486155489e+02
-1.531017774435711999e+03
-1.563764390014267519e+03
-1.062121952390845308e+03
-1.181634892005837173e+03
-9.643111969147624905e+02
-9.695201713700280379e+02
-9.041045582556321278e+02
-7.654045140765205133e+02
-9.724292256601610234e+02
-1.639258636601331773e+03
-1.406620297171646598e+03
-1.084793069976811694e+03
-9.711512673801222491e+02
-1.588716377439284770e+03
-7.662472407057588271e+02
-1.701978994381825942e+03
-1.411146674862525060e+03
-1.360296119928156259e+03
-7.758434007205514717e+02
-8.545628408159898299e+02
-1.618715755454548571e+03
-1.328497494090876444e+03
-1.824102448153581463e+03
-1.589268932620246687e+03
-7.486989361368116533e+02
-1.429046975020864238e+03
-8.674414674354205772e+02
-1.235456865353726016e+03
-8.990644511577834237e+02
-1.063032053878193665e+03
-1.832055702455669461e+03
-1.460413245950697274e+03
-8.823397480645653559e+02
-1.560215755658467742e+03
-1.645534582860327419e+03
-1.670456205130612489e+03
-1.633987395761949074e+03
-1.111342306501647499e+03
-8.688437769384061085e+02
-1.400339234128785392e+03
-9.748136917749649228e+02
-1.729473829479444476e+03
-1.705689318000993353e+03
-1.670301968145755154e+03
-1.397229922585509030e+03
-1.223740909708378695e+03
-1.088996165780069532e+03
-1.862731709788123226e+03
-8.700622695143429155e+02
-8.777352080701809882e+02
-1.833260524988138513e+03
-1.443759647223434968e+03
-9.068842975622872018e+02
-8.758298112160799747e+02
-8.768751114571388143e+02
-1.662771745261052047e+03
-8.811675450858141403e+02
-1.803679757786110258e+03
-9.736119393959785384e+02
-9.991787844709870114e+02
-1.427540373559834734e+03
-7.628831300288175044e+02
-8.633054542876390087e+02
-8.726201035419973095e+02
-1.066602328964082290e+03
-1.181240960119639567e+03
-1.660541502666033239e+03
-8.444566124647410561e+02
-7.407483625831781637e+02
-1.132189265005061543e+03
-1.717121473823445058e+03
-8.726438967239124622e+02
-1.427010429440560983e+03
-8.810989166655912186e+02
-7.457481866636804853e+02
-1.170263553084527530e+03
-9.679483561435837373e+02
-1.430013727436522458e+03
-1.300900323426404839e+03
-8.887457504978740417e+02
-8.605788794594275259e+02
-9.665592821627857347e+02
-9.858206600023496549e+02
-1.091513613273966712e+03
-8.791919642108639437e+02
-7.473064194066064374e+02
-9.656898010161719412e+02
-1.919754289989534755e+03
-1.021960177165305595e+03
-9.097314956316363350e+02
-1.436675744063264574e+03
-1.611418511844805607e+03
-1.455554666095963285e+03
-1.175895280904815536e+03
-8.857833804590844693e+02
-8.696054961350762369e+02
-1.799025487482742847e+03
-1.186254467164160133e+03
-1.549974949147967436e+03
-8.862354281961664810e+02
-1.469685207673662489e+03
-1.328081492659240666e+03
-1.623423318913984303e+03
-1.734132291244315638e+03
-7.852449196586824200e+02
-1.687244551503506273e+03
-1.222230296644824193e+03
-1.810823202511413456e+03
-1.277107446027180686e+03
-1.266737444211547199e+03
-7.592100297053593749e+02
-1.515006079042114607e+03
-9.661475498516459766e+02
-7.608071931352275215e+02
-1.287403800550484220e+03
-9.663169741138511881e+02
-1.457932399408568017e+03
-9.587351751560439652e+02
-1.400313284946037811e+03
-1.330351970754125432e+03
-8.945325007511413560e+02
-1.376008300278544539e+03
-1.284554622380041337e+03
-1.415252974825286856e+03
-9.225080131806337249e+02
-1.349810320104576931e+03
-1.091966464323552600e+03
-1.872302443939302520e+03
-9.102315886105188838e+02
-9.037114666434140418e+02
-1.219848900419504616e+03
-1.496112978902370287e+03
-1.721067903518486446e+03
-9.685367333649372767e+02
-7.636170652464920749e+02
-1.512079047172805986e+03
-1.115400489593903103e+03
-9.685463142130116694e+02
-7.864069951310699480e+02
-1.071592589283383177e+03
-8.650792033609571945e+02
-1.496495107869180856e+03
-1.585047413813338380e+03
-1.093082417977579098e+03
-1.290959958125734829e+03
-1.675599742106152917e+03
-1.695945724323357581e+03
-7.503019589721839111e+02
-1.854812073612403765e+03
-1.448778776203486814e+03
-9.089666119129544768e+02
-1.173017388176105442e+03
-1.602225755617314235e+03
-1.366824666053427336e+03
-1.255789402167236403e+03
-1.171554721187860650e+03
-1.705762498381343903e+03
-1.324423170801887181e+03
-1.357970420921112009e+03
-1.678058671493959764e+03
-1.214736830015279338e+03
-1.129318639507741182e+03
-8.194281274787873599e+02
-8.029968675469115169e+02
-1.277266299650483916e+03
-1.397933244486863941e+03
-1.136492994561493106e+03
-8.677393597886732550e+02
-1.320938395636096402e+03
-9.111791937711840319e+02
-1.572602943459615744e+03
-9.662494492707096470e+02
-1.173170116591891428e+03
-1.068577844194853697e+03
-9.146358595223000520e+02
-1.728296721986121838e+03
-7.427141617191714431e+02
-1.476705751061000228e+03
-1.157072771030140530e+03
-7.548752553521837854e+02
-1.704822274020432587e+03
-1.334367399380903635e+03
-1.401268615245424371e+03
-1.177566414042265933e+03
-1.406591327218018023e+03
-1.071652500253734615e+03
-1.662342534506987704e+03
-6.692717475693774531e+02
-9.432493569616535751e+02
-8.856954549525837592e+02
-1.314540959663823969e+03
-1.492315615509904774e+03
-8.376623414852861060e+02
-1.434857374144358573e+03
-1.202230495565686851e+03
-8.653886932838643133e+02
-1.667270049893822033e+03
-1.634511026786289449e+03
-1.316463371251629496e+03
-1.174319976430989072e+03
-1.343875699566966205e+03
-1.152674584134193765e+03
-9.739950043174892471e+02
-8.906911142185724657e+02
-1.344517922387098452e+03
-1.358794191515141620e+03
-1.318708247759934011e+03
-1.425905228878641537e+03
-7.556739514615566122e+02
-1.441618954594644492e+03
-1.511146655605585920e+03
-1.397209592155070595e+03
-1.266197355928752359e+03
-9.252832184262097144e+02
-1.292222798000970442e+03
-1.179546594009873843e+03
-1.171000756980863571e+03
-1.268965121001854868e+03
-8.549174490030246716e+02
-1.600264096566965009e+03
-1.627022854797835635e+03
