-7.743395522843452738e+01
-5.080863083457112594e+01
-7.828555565583866382e+01
-5.479321242199419117e+01
-7.709740825890602878e+01
-5.480478381206901162e+01
-5.967014924938469278e+01
-6.565483102899783319e+01
-8.493292666902947019e+01
-6.698403129564469793e+01
-7.801789541313850407e+01
-7.004655104109077968e+01
-5.333628781301722910e+01
-6.121832749332801882e+01
-7.240311679833298797e+01
-7.848443309126245993e+01
-5.888731236443963013e+01
-7.123430185950857663e+01
-7.306949549132885124e+01
-6.481249141161787009e+01
-5.228351167699625535e+01
-8.407187332225643672e+01
-8.982426882253298572e+01
-9.418092538901241539e+01
-7.909457857235021550e+01
-5.991524608040871414e+01
-1.579542155222304700e+02
-8.828884900688009907e+01
-6.561325407428104484e+01
-7.364545588979653701e+01
-8.092116751374662442e+01
-9.450253427215750435e+01
-7.468326871800380218e+01
-5.864885245946575765e+01
-9.065767608581619186e+01
-7.113810309163493173e+01
-9.079534024468770781e+01
-1.736723302998637166e+02
-7.198268307908396935e+01
-9.681273405111781472e+01
-7.131552051242456969e+01
-6.789975126293803953e+01
-7.824923073297011911e+01
-8.017356872132697276e+01
-8.653497134305958127e+01
-8.422803133226980776e+01
-8.129260824414392061e+01
-4.359310233015244762e+01
-5.994400606142496457e+01
-6.709817843572805884e+01
-7.323116672361952340e+01
-8.447122271158201556e+01
-1.092766864470515600e+02
-9.411064328972882720e+01
-1.018505092179003952e+02
-1.157946603460357977e+02
-1.071817510214368383e+02
-7.831463688451290750e+01
-9.770134958732808172e+01
-9.769995737077458386e+01
-9.484678621049746994e+01
-8.299888357881302170e+01
-1.126146054938596421e+02
-8.477658074091942808e+01
-9.418858720018968711e+01
-6.673818443022980773e+01
-6.346198274924449834e+01
-6.759008694274798756e+01
-6.601043332405639319e+01
-6.333063168527959164e+01
-1.608897870393449239e+02
-5.272797394439783858e+01
-7.981676274145456773e+01
-6.511379111594666824e+01
-4.811325066396989314e+01
-6.753403424450299042e+01
-1.670212276069675852e+02
-2.091365033415584946e+02
-1.608056398068019348e+02
-1.775557570449298908e+02
-7.491685293739044482e+01
-7.689115061809837925e+01
-8.336095714086989972e+01
-7.080700489021728572e+01
-8.913619622207187376e+01
-8.694119067244420762e+01
-8.336634570666166155e+01
-6.838378425621033330e+01
-1.503244626926196190e+02
-1.065196372338600668e+02
-5.367713236878125826e+01
-1.562196964364415805e+02
-8.658914862362402687e+01
-1.090215312710495112e+02
-8.236933402938072390e+01
-9.264229975393956806e+01
-1.012305631639451917e+02
-1.007697859222766539e+02
-9.253140458843675731e+01
-8.812761769530442280e+01
-8.203930690149395843e+01
-9.197967958616641226e+01
-8.249796326535165747e+01
-9.002759729392676036e+01
-1.142740297036262120e+02
-1.213799706539732171e+02
-9.319124774582526527e+01
-9.859072166633720258e+01
-9.633153917011989620e+01
-9.913909407244669580e+01
-8.069399436097370426e+01
-8.538087389508801550e+01
-7.910476602971849047e+01
-7.995744854503095667e+01
-6.121490718300783840e+01
-7.920201118219617342e+01
-7.809003266157864687e+01
-8.674394017714247695e+01
-7.108613039869972283e+01
-7.876045111128230758e+01
-8.530170903324763287e+01
-7.315710073635234778e+01
-6.445815375033198791e+01
-7.161550486256221859e+01
-7.854385519809464711e+01
-7.287883361749101141e+01
-6.530632758326973430e+01
-7.159912915063080163e+01
-6.158913514621593777e+01
-7.340531391150601337e+01
-6.861629306254124572e+01
-8.255409272574786428e+01
-8.872970561995572325e+01
-6.959153631456416633e+01
-4.994010393047000917e+01
-1.062949813789896041e+02
-4.881826456657442748e+01
-7.734083686157653403e+01
-9.320919320031431710e+01
-8.058126324511515293e+01
-7.980257772453597909e+01
-7.363877561969968610e+01
-6.972374233390434028e+01
-1.723010156756015760e+02
-7.624399666262245034e+01
-7.507856420954260557e+01
-8.054432666509129035e+01
-7.970414067862502350e+01
-8.152366745323590180e+01
-7.167978561589100650e+01
-9.583608938179676784e+01
-8.271293980287714476e+01
-8.838696925665352921e+01
-9.039784511545319390e+01
-8.294946974903386661e+01
-7.976078517740801033e+01
-6.203427264123212836e+01
-8.507928951307100363e+01
-1.002684039099139000e+02
-1.001406905993554517e+02
-9.260934417860400458e+01
-9.571971995488196683e+01
-7.198293022305051636e+01
-6.788973875388926160e+01
-9.971194667431635139e+01
-9.390123958492570466e+01
-1.002801250014342287e+02
-8.795360440836343230e+01
-8.542478355046350202e+01
-8.842367236078544579e+01
-8.310214361704203156e+01
-8.295138915679856950e+01
-8.953074920066273990e+01
-1.036833322987865671e+02
-9.223099146913718016e+01
-9.021677922065701694e+01
-9.130543039207955758e+01
-1.025384604536490230e+02
-8.564955753564538554e+01
-8.947421791419205306e+01
-9.771072198756935734e+01
-9.899488555129983069e+01
-1.493507644472380491e+02
-9.360681102077002436e+01
-1.654266256943569147e+02
-6.851392419968784964e+01
-7.439515394657834690e+01
-9.647846704711218990e+01
-1.072372923122235733e+02
-1.082614027928622136e+02
-9.368819434392959522e+01
-9.908473208704037916e+01
-9.884670512058481506e+01
-9.421140853320457609e+01
-1.039546121913732719e+02
-9.129847955484815714e+01
-1.018103243604850547e+02
-1.003414220036826094e+02
-9.319115479378385203e+01
-9.002439077675499846e+01
-9.896368501511405213e+01
-2.565729731606538877e+01
-4.336701607958321603e+01
-2.872257474169528635e+01
-1.698327797651365643e+02
-3.597926152048776061e+01
-6.868979107916513271e+01
-1.702981681870302850e+02
-6.500174124354151672e+01
-1.612304739561274687e+02
-4.354399112522413873e+01
-5.464847351824567312e+01
-5.673252119652055825e+01
-4.187062856595589722e+01
-5.401550872910961232e+01
-4.265569775811441389e+01
-5.930268375323936425e+01
-5.581212635089934793e+01
-4.447412466625178240e+01
-5.539663248270316132e+01
-6.245771282656243528e+01
-4.868433605981665124e+01
-6.181018365844943929e+01
-7.203532337527194329e+01
-4.513551045185108990e+01
-5.757411611055506029e+01
-5.615992228819757059e+01
-7.759972276871108932e+01
-7.421483957462508840e+01
-6.595625374738646940e+01
-1.382612339111366282e+02
-6.906495984576918090e+01
-1.107102797552444571e+02
-5.729050045197206487e+01
-5.507015285281290318e+01
-1.109311633889721662e+02
-8.049523343624856864e+01
-8.335653333289118905e+01
-8.422741847790284453e+01
-6.129613772314837661e+01
-5.318701177918385525e+01
-6.278440753290932719e+01
-5.512195227910561357e+01
-5.660215954521888904e+01
-6.361780461374786455e+01
-1.435220562375027384e+02
-9.250329743908685032e+01
-7.712325080084514184e+01
-7.113032332369202493e+01
-1.323751678511536340e+02
-8.125054189403282123e+01
-8.166396437525899898e+01
-8.761744033488291450e+01
-8.891624942154079747e+01
-9.278458783202283655e+01
-9.283244284836078464e+01
-7.594007971863557316e+01
-7.463222971643119763e+01
-7.669199747775660114e+01
-7.692025317942743357e+01
-9.473745280567167981e+01
-9.665012071523378268e+01
-1.054404452862446107e+02
-9.628913590940285872e+01
-1.068395136638253007e+02
-6.575476706975732100e+01
-6.124423691345172216e+01
-6.817840182515641345e+01
-7.813656950806831958e+01
-8.905906887121237503e+01
-6.975751414093959113e+01
-1.250414011291223346e+02
-5.438226186857125555e+01
-1.446694758708731285e+02
-9.422834548488512496e+01
-8.256079863941060637e+01
-1.583632273867822562e+02
-8.127411175507559449e+01
-7.553972985603300572e+01
-7.561085712776289824e+01
-8.430652089600130239e+01
-8.101704533398583408e+01
-9.044935273054450420e+01
-7.299760776830616749e+01
-9.539073609277048149e+01
-9.093301738231085096e+01
-7.613039260413052034e+01
-8.102202009864106458e+01
-7.598459649651917402e+01
-8.816109719703368341e+01
-1.077874997621086806e+02
-7.219248677005808190e+01
-9.674603231260419989e+01
-9.013908187929384042e+01
-6.859159321387173236e+01
-8.921625470019549198e+01
-8.092047223871796291e+01
-1.041427727502257028e+02
-1.006676161840750439e+02
-9.683703908782473491e+01
-1.076172289651220098e+02
-1.015907536889191078e+02
-8.066577454840458472e+01
-1.006609495412956647e+02
-9.481964304567839008e+01
-8.614874429217351803e+01
-8.240199991656004386e+01
-9.138563577763046908e+01
-9.486030901060908604e+01
-8.557832154122380075e+01
-8.165672909817581626e+01
-7.936745380188745003e+01
-7.591881214119513288e+01
-8.660715269375955927e+01
-6.012863048139695366e+01
-7.995972306759017556e+01
-5.760767740821128058e+01
-4.960444219354467066e+01
-7.077585921359546717e+01
-6.351291540664404067e+01
-8.157557929040771683e+01
-8.056973324646719448e+01
-7.393190777078619647e+01
-5.328672279393750699e+01
-7.262715757454945731e+01
-1.485471868919699432e+02
-7.372090146724434589e+01
-7.942899109236240918e+01
-5.916528669128672391e+01
-1.208615571893413119e+02
-9.105714877007547159e+01
-1.298609749994669755e+02
-1.428409549978203188e+02
-1.574699309826477815e+02
-1.086452747549694067e+02
-1.751397762109068310e+02
-1.671079044309877588e+02
-1.614546414802807988e+02
-1.954496524697743212e+02
-8.486528053401099214e+01
-1.032723565405038215e+02
-1.782202528712359992e+02
-1.632855079959094553e+02
-8.051687291877078678e+01
-1.036254221983358264e+02
-9.770467463114611917e+01
-7.120263622647144075e+01
-8.839756623128089075e+01
-5.937861887273173522e+01
-6.134298761869590777e+01
-7.023374414911164365e+01
-2.585036153705060542e+02
-6.421038993891798441e+01
-6.380156986911922701e+01
-9.946294355673916243e+01
-1.600522558683905459e+02
-1.549820290602890509e+02
-1.038859780904489298e+02
-1.846418084164225775e+02
-1.016849006537738376e+02
-9.085525996225284473e+01
-9.551735440531217591e+01
-9.955056589268413347e+01
-9.138904451984127775e+01
-8.688632998027345877e+01
-8.682830342411358515e+01
-1.083010057423616388e+02
-1.680562949810133091e+02
-6.953359329223148677e+01
-8.548649174534406825e+01
-7.493769451232239476e+01
-6.618035558191500911e+01
-9.579117894932824129e+01
-9.379565699252484023e+01
-1.730569366792063306e+02
-8.903078325467998866e+01
-1.794360956629944042e+02
-9.247663679208326926e+01
-9.333772289009722556e+01
-9.334244527026878302e+01
-8.137829216796065168e+01
-9.960452308785049524e+01
-9.718764055223589082e+01
-8.730999696957030665e+01
-8.199405305667647781e+01
-7.064967453685140697e+01
-8.516884456439777296e+01
-9.301452437945759755e+01
-7.595289058082272504e+01
-9.942437257566702158e+01
-1.852938141603681288e+02
-7.868746589043247752e+01
-8.540179735118840654e+01
-1.689297111628536925e+02
-9.604983628867839229e+01
-1.551859139602384232e+02
-9.293886886012575133e+01
-8.573674567492983556e+01
-8.849064794154074320e+01
-9.193178282826671932e+01
-9.027508090365080307e+01
-8.558871107802828249e+01
-7.990564174976941558e+01
-8.820318740743404362e+01
-9.242451523713381789e+01
-9.079517611194806648e+01
-8.884711623440762196e+01
-9.004343038108923736e+01
-8.882432170077480293e+01
-9.326154855918112219e+01
-5.405226158972696737e+01
-7.316368007496457437e+01
-8.203831725144689813e+01
-7.414141735977050018e+01
-1.574429746331893796e+02
-7.064845832617079679e+01
-6.076436290095836767e+01
-1.732149048111005527e+02
-7.170296357850072866e+01
-1.641515325393074534e+02
-7.381262441488719617e+01
-7.869029696090160542e+01
-7.543065514943990024e+01
-9.277517955127382265e+01
-9.070116921184279590e+01
-8.797952959543263773e+01
-8.078184285598413794e+01
-8.787568215308957065e+01
-8.753665214107803649e+01
-9.094370109184966111e+01
-1.679717597789346826e+02
-7.667245940460863096e+01
-9.449133150509061352e+01
-9.538763441314372926e+01
-1.740884630948702068e+02
-9.862139511511350065e+01
-6.765844718802031821e+01
-8.725105500690932558e+01
-9.338540714871663795e+01
-8.886207897567763325e+01
-8.114416406170465734e+01
-7.348743255181148015e+01
-1.660593531934723330e+02
-7.778569024758900241e+01
-8.071388152514295200e+01
-8.838815843679026329e+01
-1.690894043249061269e+02
-8.356994277038420194e+01
-7.458420636253896419e+01
-7.111393323455376958e+01
-7.952737738613618035e+01
-7.507590109159741587e+01
-8.173117320690644760e+01
-9.299384553445109702e+01
-8.008859043028206770e+01
-8.770547825705597234e+01
-8.824054416515544119e+01
-8.464249869998781151e+01
-9.792659655897794835e+01
-9.912954824027852396e+01
-9.869486986845423360e+01
-9.595212604327741701e+01
-8.137316497763887924e+01
-9.041860677459413864e+01
-7.438790163228131291e+01
-7.315683876141719111e+01
-9.020619118580671625e+01
-7.760028277741875513e+01
-8.710875364652579833e+01
-8.164586492559632802e+01
-8.918032105278896893e+01
-7.346054050925738466e+01
-7.793389695945474216e+01
-4.366950508564910649e+01
-4.553533810308222485e+01
-4.657873582349103714e+01
-5.603170199455442457e+01
-4.389082199813612561e+01
-1.336526806620636307e+02
-1.300245896815094966e+02
-1.572820676314930495e+02
-7.984148312190617958e+01
-1.314316610482857186e+02
-7.444622811222458836e+01
-9.973591692034588618e+01
-8.220227052645456922e+01
-5.850378758574224491e+01
-5.025984826335108124e+01
-4.568139488115955515e+01
-5.154115819900235351e+01
-4.995083517435334386e+01
-1.427463778703525179e+02
-8.701402495223641154e+01
-6.511044867374940281e+01
-1.825988817756053493e+02
-1.820091686124641228e+02
-1.838029435473681303e+02
-1.602566376424306327e+02
-9.407044649084765808e+01
-1.018395444533302765e+02
-1.551710110862971987e+02
-5.001559901358867677e+01
-9.709053546713077765e+01
-8.049397798558632644e+01
-1.051612210095543389e+02
-7.881175116195888108e+01
-9.388456010705083088e+01
-1.004273903214049142e+02
-9.279648721780604603e+01
-1.087032462508269930e+02
-9.967692248720105397e+01
-8.830372463711007924e+01
-9.848443346008636468e+01
-6.647299636801693623e+01
-6.175209027455726840e+01
-1.054583333612028042e+02
-9.729791890611636518e+01
-9.710871670857575566e+01
-9.067236245884878088e+01
-8.619162013341858142e+01
-1.028321289480329312e+02
-9.118339904983251643e+01
-9.766948942044857063e+01
-6.898468418032769023e+01
-9.683697877877551718e+01
-9.551003669815227681e+01
-8.888432022225211426e+01
-9.795608654301057072e+01
-9.997347269521941371e+01
-8.912695214791683895e+01
-7.229865682981159125e+01
-1.064310932633116664e+02
-7.903131854632654552e+01
-8.898725185660101999e+01
-8.457671510264184178e+01
-9.274475763470995560e+01
-8.915160018611973669e+01
-7.056737516413762989e+01
-8.648648449375743041e+01
-7.523447190053643396e+01
-7.422278877650536799e+01
-8.501794767799340491e+01
-9.923667417701325633e+01
-9.507676584167833767e+01
-1.025875430875126995e+02
-9.808401366816993061e+01
-1.076950062903575258e+02
-1.140705537288660310e+02
-8.373106856547437360e+01
-9.020788703831699706e+01
-9.176473090459847981e+01
-8.965831364970513562e+01
-9.866501745919840971e+01
-8.960086403789381393e+01
-8.574462053063331268e+01
-9.178064752435707874e+01
-9.232910719719100712e+01
-9.801185116782508544e+01
-9.757340785136889849e+01
-9.819869984977798083e+01
-9.804772735958002272e+01
-8.590154501283308264e+01
-9.429670029193717085e+01
-9.740994734869499894e+01
-8.276621608116532514e+01
-1.029219618307435553e+02
-8.682000357240505650e+01
-7.768578997599784941e+01
-9.444252633536514452e+01
-9.370838641315778261e+01
-8.433311326806104091e+01
-8.027005882419483385e+01
-7.211206777873864837e+01
-9.835403953300291846e+01
-9.558697378796473743e+01
-9.151663618978484749e+01
-9.796529430426369345e+01
-8.313977908107671055e+01
-8.161184789891119351e+01
-7.314587359332686844e+01
-8.663826859851052120e+01
-8.892576792333649394e+01
-8.435150837955505665e+01
-1.043122739966948131e+02
-8.425836235327615498e+01
-7.618430148194266849e+01
-5.328332087808816908e+01
-6.292935334887663146e+01
-6.928232042244263766e+01
-5.275148423721062585e+01
-6.702853591665567023e+01
-6.372435917069884681e+01
-1.373478908371352247e+02
-5.431858819477953659e+01
-6.620246438874706030e+01
-5.753019238568212046e+01
-8.506136616934421113e+01
-7.606529449403811327e+01
-7.153195356322927978e+01
-5.561021010800062925e+01
-6.394571679630934113e+01
-7.766495777738029460e+01
-7.897642518940176615e+01
-6.013577642626215436e+01
-1.591425610252791785e+02
-6.181668901315760678e+01
-7.822543290688341244e+01
-6.035309217585498232e+01
-9.127782265584673382e+01
-5.580723269952807186e+01
-1.328438279644638271e+02
-7.886594331502821831e+01
-1.360733215272919665e+02
-1.699436542019761873e+02
-6.981693485765994467e+01
-8.795017156996365770e+01
-9.399618808569398709e+01
-8.816445334638534348e+01
-1.098441373736760482e+02
-1.095331616845333258e+02
-1.664448599871757040e+02
-9.190024004134922109e+01
-1.019920017188989050e+02
-1.052100712262938771e+02
-8.985556284478437306e+01
-6.331317136918237765e+01
-3.329079249030779408e+01
-3.937044549203538679e+01
-5.506418668987156195e+01
-3.624792492547891953e+01
-1.441703160137826103e+02
-1.602741411620029055e+02
-1.202955646953544999e+02
-6.462268845288184593e+01
-8.309380056446066476e+01
-6.795675207527537509e+01
-1.567468705761181411e+02
-7.850479475961414266e+01
-5.927996459242978489e+01
-7.851844520073012745e+01
-7.016327672316228359e+01
-7.750446778468258913e+01
-9.093392362166049736e+01
-6.863467807684449440e+01
-6.154358624350742701e+01
-6.777481173371238299e+01
-6.848944665166141021e+01
-1.380459201121559829e+02
-6.991201032241446001e+01
-9.474436112896356121e+01
-8.500786326699133610e+01
-8.912771316037135705e+01
-8.651580266650826445e+01
-9.731675837823868846e+01
-8.924526756806710637e+01
-9.763843545895811360e+01
-9.474482496309794044e+01
-9.031006047366119560e+01
-1.008590336578081121e+02
-1.301007855168267042e+02
-9.516673710972381173e+01
-8.810813685328980682e+01
-1.268798409657734965e+02
-9.658491305957829809e+01
-8.649471766981250198e+01
-9.956073378720832068e+01
-9.072149104873665237e+01
-1.003028267245642411e+02
-1.155106675246496195e+02
-1.146231933781108978e+02
-9.263021782426609718e+01
-9.391130347060777694e+01
-8.502855521790093007e+01
-8.393773972211054968e+01
-8.331662227683722222e+01
-7.194197289719654975e+01
-8.861303039277159144e+01
-9.948278729640340146e+01
-8.542087464528600549e+01
-9.874453641172308949e+01
-8.561293523267852379e+01
-9.279547341125864079e+01
-9.373219493596934626e+01
-9.858465590383455890e+01
-1.073136091006066550e+02
-9.841521629967841989e+01
-9.283322422136572527e+01
-8.731529308419030144e+01
-9.164870530480125410e+01
-9.137036501533762589e+01
-9.277677112723955588e+01
-8.251400022330139450e+01
-9.119545232584628991e+01
-7.366167919378969486e+01
-8.128520315335286739e+01
-8.167428371762750317e+01
-7.823874003738460203e+01
-8.501404829524528850e+01
-7.728635308138257187e+01
-1.880342812542670003e+02
-7.438750411715740540e+01
-9.230549246089324811e+01
-7.684826860352390554e+01
-8.532425862818345763e+01
-7.892828154942925778e+01
-8.470427763094069462e+01
-6.857196017438471358e+01
-8.215387831052392187e+01
-7.527904890314461284e+01
-6.518017926555340580e+01
-6.746488116654259670e+01
-6.916125463810121232e+01
-8.119112631044777117e+01
-6.964939865723270884e+01
-8.307691521422233905e+01
-7.125220346407198235e+01
-6.711142026765132584e+01
-9.715519009286404639e+01
-7.562076494381321368e+01
-8.018605047154456145e+01
-8.185500047524567435e+01
-1.023730298411808661e+02
-1.890186848378917261e+02
-8.850565212341768984e+01
-8.173715565689325047e+01
-1.009180199045839998e+02
-8.753711761717343620e+01
-8.804877444800150954e+01
-7.879782954708878151e+01
-7.074330049766244599e+01
-7.940856981193432773e+01
-7.763673168544070791e+01
-8.973655279230220572e+01
-7.929986724357503647e+01
-8.798811573022071286e+01
-8.381989880894043665e+01
-7.332679799671356591e+01
-8.559531264619479884e+01
-6.653765617826194045e+01
-4.993353516681994364e+01
-5.078444184049995158e+01
-6.062612185311663637e+01
-7.517584270204524444e+01
-6.018801793210274553e+01
-6.239714552872997189e+01
-1.725979757770611229e+02
-7.826101603085419356e+01
-7.084847940898893626e+01
-1.625553135681531671e+02
-8.389214209381691489e+01
-8.633017049938297305e+01
-8.377764732010705018e+01
-8.799089484427501873e+01
-8.790271353452324377e+01
-7.856754632094245494e+01
-8.047567546694190810e+01
-8.968342270514882841e+01
-1.924180675646102543e+02
-1.601867213611067484e+02
-4.890178906730911734e+01
-1.676157209999253155e+02
-4.825885341439018816e+01
-8.591626815352526592e+01
-7.989791325820263523e+01
-1.023312674640600477e+02
-1.529843390597848725e+02
-1.057539468824304549e+02
-8.424921947824157087e+01
-8.613017560293280894e+01
-8.789031473169600872e+01
-1.765417585991883129e+02
-9.823092263790294965e+01
-8.786897381597101742e+01
-1.025249876382002157e+02
-8.568253451933952647e+01
-8.747674632710685216e+01
-9.324172182423953359e+01
-7.684696881053798734e+01
-7.628496619576534954e+01
-8.537856208382915213e+01
-5.597958838022847061e+01
-6.502885700858229256e+01
-1.820181411345369327e+02
-8.400081390056632813e+01
-1.531677258210510786e+02
-9.070973627636300307e+01
-1.564939435989774665e+02
-8.930943800396104848e+01
-6.495454281283790010e+01
-6.743173469444087686e+01
-8.042392618270854143e+01
-7.965770344767044264e+01
-6.776571738314063964e+01
-9.198293270847915437e+01
-7.283782909730790323e+01
-6.192358176931618630e+01
-8.500708570054196400e+01
-5.387026147390266573e+01
-7.547795663197913996e+01
-9.098650524286141206e+01
-7.161849462038338743e+01
-6.775842601507470420e+01
-7.301771344393473839e+01
-5.671525131166595202e+01
-6.291212109021441989e+01
-4.551729312663141513e+01
-7.699717392815938410e+01
-5.556487810161786456e+01
-4.546273523802055649e+01
-5.745867625666829070e+01
-5.468403521278302293e+01
-8.441089770971743178e+01
-5.380024646088109108e+01
-7.641968681311941225e+01
-8.655316614317499102e+01
-9.126080718732626451e+01
-8.016598192398338085e+01
-9.017306691863880985e+01
-9.201609250722478350e+01
-8.488049766980940092e+01
-9.406992284701581752e+01
-9.960227522472963813e+01
-1.000342756188056939e+02
-9.883073743239111764e+01
-7.967161812828932455e+01
-6.656358683780044316e+01
-5.265344610854950957e+01
-9.287637449729200512e+01
-7.133171288304026803e+01
-9.301260778587774780e+01
-6.245827348295192394e+01
-7.667486262757182658e+01
-1.054109657193534559e+02
-9.779668339238902774e+01
-9.397149426886007006e+01
-1.734964721263242211e+02
-1.009687708832742885e+02
-1.783713907765350370e+02
-1.010781592023842848e+02
-8.743664569776284168e+01
-9.600170930080039966e+01
-1.004770487033799498e+02
-8.879031347799082141e+01
-8.553543378274812881e+01
-9.292349056981160516e+01
-6.707144779642440824e+01
-8.039998644156250407e+01
-8.078005157628223287e+01
-7.984205220171462258e+01
-1.953097745071937084e+02
-1.726403698722693889e+02
-8.071540896387355701e+01
-1.718927487013083635e+02
-1.536862602497442083e+02
-1.106068821174834795e+02
-9.973841092655754892e+01
-9.731766639652909134e+01
-9.552060385153824029e+01
-9.993457443962338971e+01
-8.687325021500194566e+01
-9.806734868522929105e+01
-9.278881054196091327e+01
-9.061062988206445823e+01
-8.755183345522759453e+01
-8.204483659386903582e+01
-8.539168414035488297e+01
-6.943368412934773914e+01
-1.843188919265664083e+02
-7.846473598145769301e+01
-8.148872416222027937e+01
-9.835685350511406000e+01
-8.458157353783433052e+01
-9.022862937468636346e+01
-8.801800553913236058e+01
-1.085047203794975417e+02
-1.872965342505084720e+02
-7.011360241988269593e+01
-9.387169256294644981e+01
-1.030687238030414221e+02
-7.878867024634888594e+01
-8.569096743583513387e+01
-1.023275112724355580e+02
-9.034462915309818243e+01
-9.051637176131382034e+01
-9.659587643072063656e+01
-9.940011613761738829e+01
-1.076127275704757977e+02
-7.650735591833519322e+01
-1.102935296109798173e+02
-9.417567818898258736e+01
-8.438716976624483834e+01
-9.649832426462961621e+01
-9.614316711835563467e+01
-1.007632183165002573e+02
-9.356221966189215777e+01
-8.890486527634172376e+01
-8.804302920273036648e+01
-9.223048675581935640e+01
-8.510313320752818811e+01
-9.571477422802834667e+01
-9.120547266796455688e+01
-9.297158609940339602e+01
-9.055045602762329793e+01
-8.686889909815509725e+01
-8.695755838877602173e+01
-8.401211217953185439e+01
-8.676494128896393931e+01
-8.581183531363929262e+01
-8.357824099860977185e+01
-9.269433788800640173e+01
-9.189700689122199151e+01
-1.013628657889958617e+02
-8.410696154460538310e+01
-9.101366675725049049e+01
-9.111197851806591075e+01
-8.167777129970171757e+01
-9.183509948986954896e+01
-7.503142926804224544e+01
-1.558266212288416455e+02
-7.697757344074459240e+01
-9.584710328739265606e+01
-8.895147627562201365e+01
-9.342005737820049660e+01
-8.313724192453469186e+01
-8.118992405068709672e+01
-8.365638136231814315e+01
-9.151065944275600827e+01
-8.879153761942629330e+01
-9.055518196859176783e+01
-8.197450271429050872e+01
-9.599955523982787042e+01
-8.995340608453211928e+01
-8.818849564484919767e+01
-8.312825916893805811e+01
-1.678364848392666886e+02
-9.876632047625621169e+01
-1.733039906705159297e+02
-9.083855953734465061e+01
-7.358218771233607924e+01
-9.019088610116345706e+01
-8.809871075811294361e+01
-9.531095692921061868e+01
-9.564142313485805857e+01
-1.674142604995180932e+02
-9.314100800330578522e+01
-9.942051632176057296e+01
-8.148306012259139663e+01
-9.223951254530449262e+01
-8.927155546877195036e+01
-9.083203879625649790e+01
-9.217532232808036952e+01
-9.398510748762875266e+01
-9.430939036426669020e+01
-1.069952700356753468e+02
-9.221465595655851644e+01
-8.970101526098966360e+01
-9.702020878546305482e+01
-9.319826977011229019e+01
-5.971724058473796504e+01
-8.179609650953374000e+01
-2.721415758793017048e+01
-7.977501778360979756e+01
-4.851147245586614787e+01
-3.634477906710844763e+01
-6.984856013836206046e+01
-5.372386383457268977e+01
-8.140612923586012073e+01
-8.572081576749435783e+01
-7.861104583638795873e+01
-8.051176305296839075e+01
-6.983605926681497067e+01
-6.478660346060411257e+01
-8.460672294293802054e+01
-8.302461296238951149e+01
-6.973985920860093302e+01
-6.076343123836576154e+01
-7.064006529302227477e+01
-6.229942858137721373e+01
-7.117773256101540369e+01
-1.043589832390131136e+02
-6.567116368037970631e+01
-7.296923574669304458e+01
-9.911902094960393583e+01
-8.696971639802278276e+01
-8.590190477025002735e+01
-1.541702736468085391e+02
-8.208860946229792432e+01
-6.131279626894260559e+01
-8.008760308605748435e+01
-1.430573672221396464e+02
-9.532458237498359210e+01
-7.777825007112733147e+01
-7.427684602832751182e+01
-7.319055695163146424e+01
-7.102840995974800364e+01
-1.614308993637118306e+02
-9.623718203182878028e+01
-9.964263817805415613e+01
-1.116821663311850870e+02
-9.810921686088263982e+01
-1.006372529395195841e+02
-1.026235681845228953e+02
-8.183886193338297232e+01
-1.100185438086786718e+02
-9.917681366826572287e+01
-9.579800299748272607e+01
-8.954151059624796005e+01
-1.156791341728989124e+02
-1.023248239396964863e+02
-1.014132553932923457e+02
-1.094605924412536808e+02
-9.344083002029168483e+01
-9.014849423811138251e+01
-9.239863137885106426e+01
-8.509815568511980644e+01
-9.025494721966926193e+01
-9.136828852120976308e+01
-8.767612179030814445e+01
-1.014420446345509390e+02
-1.023243245111943196e+02
-9.475911822304968268e+01
-2.244071927168524780e+02
-1.170938968538878981e+02
